4 3
4 4
5 4
5 31
5 59
25 24
25 30
25 31
25 33
25 34
25 35
31 30
31 31
31 34
31 53
31 54
31 59
32 31
32 35
32 54
32 109
34 24
34 33
34 40
35 24
35 40
35 43
35 61
36 31
36 53
36 54
41 24
41 33
41 40
44 4
44 24
44 43
54 59
54 61
54 63
55 31
55 34
55 35
55 54
56 30
56 34
56 35
56 53
56 77
60 53
60 59
60 83
62 59
62 63
62 82
64 59
64 61
64 63
68 59
68 63
78 61
78 67
78 82
78 114
83 61
83 82
83 114
84 4
84 61
84 114
103 61
103 82
103 114
110 43
110 53
110 61
110 82
110 114
115 43
115 61
115 82
115 114
