9 21
9 105
9 161
9 176
9 224
9 231
9 232
9 258
9 291
9 295
21 9
21 88
21 105
21 161
21 165
21 232
21 239
52 192
88 21
96 224
105 9
105 21
115 192
161 9
161 21
161 258
165 21
176 9
176 239
192 52
192 115
208 291
224 9
224 96
224 232
224 291
231 9
231 232
231 239
231 291
232 9
232 21
232 224
232 231
232 239
232 291
239 21
239 176
239 231
239 232
239 295
258 9
258 161
258 291
258 295
291 9
291 208
291 224
291 231
291 232
291 258
295 9
295 239
295 258
376 374
376 400
376 423
376 444
376 458
376 487
376 520
376 563
376 570
376 580
376 676
376 1357
376 1777
563 374
563 376
563 430
563 520
563 541
563 1777
580 376
580 400
580 1446
580 1543
907 980
909 955
909 1384
913 1173
913 1357
913 1453
913 1646
913 1813
915 1446
915 1545
915 1671
919 1303
919 1396
919 1582
919 1786
919 1820
919 1871
944 1041
944 1748
944 1756
944 1770
947 1059
947 1101
947 1329
947 1365
947 1367
947 1584
947 1612
947 1622
947 1813
947 1833
947 1864
953 997
953 1040
953 1059
953 1083
953 1163
953 1173
953 1205
953 1330
953 1336
953 1361
953 1605
953 1609
953 1622
953 1670
953 1813
955 909
959 1040
959 1163
959 1205
959 1330
959 1457
975 1204
975 1347
975 1379
975 1502
975 1587
975 1611
975 1786
975 1862
975 1899
975 1903
980 907
980 1048
980 1074
980 1182
980 1329
980 1334
980 1361
980 1367
980 1422
980 1584
980 1612
980 1622
980 1644
980 1813
980 1833
985 1000
997 953
997 1083
997 1101
997 1163
997 1173
997 1205
997 1330
997 1336
997 1361
997 1605
997 1609
997 1622
997 1772
997 1813
1000 985
1000 1010
1010 1000
1010 1170
1010 1633
1010 1770
1040 953
1040 959
1040 1083
1040 1163
1040 1330
1040 1457
1040 1584
1040 1622
1040 1864
1041 944
1041 1259
1041 1681
1041 1748
1041 1756
1041 1770
1048 980
1048 1074
1048 1182
1048 1329
1048 1334
1048 1365
1048 1367
1048 1485
1048 1584
1048 1609
1048 1612
1048 1622
1048 1724
1048 1813
1048 1864
1059 947
1059 953
1059 1329
1059 1334
1059 1339
1059 1367
1059 1584
1059 1612
1059 1622
1059 1644
1059 1724
1059 1819
1059 1833
1059 1877
1074 980
1074 1048
1074 1173
1074 1329
1074 1577
1074 1813
1074 1864
1083 953
1083 997
1083 1040
1083 1101
1083 1163
1083 1205
1083 1330
1083 1336
1083 1457
1083 1605
1083 1612
1083 1833
1100 1204
1100 1647
1100 1862
1100 1884
1100 1899
1101 947
1101 997
1101 1083
1101 1163
1101 1205
1101 1329
1101 1330
1101 1336
1101 1361
1101 1584
1101 1612
1101 1813
1101 1833
1101 1864
1120 1204
1120 1347
1120 1379
1120 1587
1120 1611
1120 1862
1120 1899
1163 953
1163 959
1163 997
1163 1040
1163 1083
1163 1101
1163 1367
1163 1584
1163 1605
1163 1622
1163 1833
1170 1010
1170 1296
1170 1303
1170 1786
1170 1820
1170 1871
1170 1893
1173 913
1173 953
1173 997
1173 1074
1173 1205
1173 1329
1173 1330
1173 1577
1173 1584
1173 1605
1173 1609
1173 1772
1173 1813
1182 980
1182 1048
1182 1329
1182 1334
1182 1584
1182 1609
1182 1612
1204 975
1204 1100
1204 1120
1204 1303
1204 1347
1204 1379
1204 1502
1204 1515
1204 1587
1204 1611
1204 1647
1204 1786
1204 1820
1204 1871
1204 1893
1204 1899
1204 1903
1205 953
1205 959
1205 997
1205 1083
1205 1101
1205 1173
1205 1329
1205 1330
1205 1361
1205 1584
1205 1605
1205 1609
1205 1772
1205 1813
1205 1864
1259 1041
1259 1770
1296 1170
1296 1385
1296 1770
1303 919
1303 1170
1303 1204
1303 1396
1303 1502
1303 1582
1303 1786
1303 1820
1303 1871
1303 1893
1329 947
1329 980
1329 1048
1329 1059
1329 1074
1329 1101
1329 1173
1329 1182
1329 1205
1329 1334
1329 1584
1329 1609
1329 1612
1329 1813
1329 1819
1329 1833
1329 1864
1330 953
1330 959
1330 997
1330 1040
1330 1083
1330 1101
1330 1173
1330 1205
1330 1361
1330 1453
1330 1584
1330 1605
1330 1609
1330 1622
1330 1772
1330 1833
1334 980
1334 1048
1334 1059
1334 1182
1334 1329
1334 1361
1334 1584
1334 1612
1334 1813
1334 1833
1336 953
1336 997
1336 1083
1336 1101
1336 1622
1336 1833
1339 1059
1339 1367
1339 1424
1339 1584
1339 1612
1339 1622
1339 1644
1339 1724
1339 1819
1339 1833
1347 975
1347 1120
1347 1204
1347 1379
1347 1396
1347 1502
1347 1587
1347 1611
1347 1786
1347 1893
1347 1899
1354 1660
1355 1633
1357 376
1357 913
1357 1422
1360 1511
1360 1803
1360 1847
1361 953
1361 980
1361 997
1361 1101
1361 1205
1361 1330
1361 1334
1361 1577
1361 1584
1361 1605
1361 1612
1361 1644
1361 1813
1361 1833
1361 1911
1365 947
1365 1048
1365 1584
1365 1612
1367 947
1367 980
1367 1048
1367 1059
1367 1163
1367 1339
1367 1584
1367 1605
1367 1612
1367 1622
1367 1644
1367 1724
1367 1813
1367 1819
1367 1833
1367 1877
1379 975
1379 1120
1379 1204
1379 1347
1379 1611
1379 1786
1379 1862
1379 1899
1379 1903
1384 909
1385 1296
1385 1545
1385 1770
1396 919
1396 1303
1396 1347
1396 1515
1396 1582
1396 1786
1396 1820
1396 1871
1396 1893
1422 980
1422 1357
1424 1339
1424 1747
1446 580
1446 915
1453 913
1453 1330
1453 1671
1457 959
1457 1040
1457 1083
1457 1584
1457 1605
1457 1612
1457 1622
1457 1833
1476 1670
1485 1048
1485 1612
1485 1644
1485 1813
1502 975
1502 1204
1502 1303
1502 1347
1502 1515
1502 1587
1502 1786
1502 1871
1502 1893
1511 1360
1515 1204
1515 1396
1515 1502
1515 1582
1515 1786
1515 1820
1515 1871
1515 1893
1515 1899
1526 1545
1526 1696
1543 580
1543 1660
1545 915
1545 1385
1545 1526
1545 1696
1577 1074
1577 1173
1577 1361
1577 1948
1577 2042
1577 2071
1577 2072
1577 2102
1577 2127
1577 2132
1577 2174
1577 2180
1577 2194
1577 2267
1577 2268
1577 2293
1577 2355
1577 2502
1577 2516
1577 2519
1577 2533
1577 2567
1577 2592
1582 919
1582 1303
1582 1396
1582 1515
1582 1786
1582 1820
1582 1871
1582 1893
1584 947
1584 980
1584 1040
1584 1048
1584 1059
1584 1101
1584 1163
1584 1173
1584 1182
1584 1205
1584 1329
1584 1330
1584 1334
1584 1339
1584 1361
1584 1365
1584 1367
1584 1457
1584 1612
1584 1622
1584 1813
1584 1819
1584 1833
1584 1864
1584 1877
1587 975
1587 1120
1587 1204
1587 1347
1587 1502
1587 1611
1587 1647
1587 1786
1587 1820
1587 1893
1587 1899
1605 953
1605 997
1605 1083
1605 1163
1605 1173
1605 1205
1605 1330
1605 1361
1605 1367
1605 1457
1605 1622
1609 953
1609 997
1609 1048
1609 1173
1609 1182
1609 1205
1609 1329
1609 1330
1609 1813
1609 1864
1611 975
1611 1120
1611 1204
1611 1347
1611 1379
1611 1587
1611 1647
1611 1862
1611 1899
1611 1903
1612 947
1612 980
1612 1048
1612 1059
1612 1083
1612 1101
1612 1182
1612 1329
1612 1334
1612 1339
1612 1361
1612 1365
1612 1367
1612 1457
1612 1485
1612 1584
1612 1622
1612 1819
1612 1833
1612 1877
1622 947
1622 953
1622 980
1622 997
1622 1040
1622 1048
1622 1059
1622 1163
1622 1330
1622 1336
1622 1339
1622 1367
1622 1457
1622 1584
1622 1605
1622 1612
1622 1644
1622 1724
1622 1813
1622 1819
1622 1833
1622 1877
1633 1010
1633 1355
1644 980
1644 1059
1644 1339
1644 1361
1644 1367
1644 1485
1644 1622
1644 1724
1644 1819
1646 913
1646 1813
1647 1100
1647 1204
1647 1587
1647 1611
1647 1862
1647 1899
1660 1354
1660 1543
1670 953
1670 1476
1670 1772
1671 915
1671 1453
1681 1041
1681 1847
1696 1526
1696 1545
1696 1731
1724 1048
1724 1059
1724 1339
1724 1367
1724 1622
1724 1644
1724 1877
1731 1696
1747 1424
1748 944
1748 1041
1748 1756
1756 944
1756 1041
1756 1748
1770 944
1770 1010
1770 1041
1770 1259
1770 1296
1770 1385
1772 997
1772 1173
1772 1205
1772 1330
1772 1670
1777 376
1777 563
1786 919
1786 975
1786 1170
1786 1204
1786 1303
1786 1347
1786 1379
1786 1396
1786 1502
1786 1515
1786 1582
1786 1587
1786 1820
1786 1871
1786 1893
1803 1360
1803 1847
1813 913
1813 947
1813 953
1813 980
1813 997
1813 1048
1813 1074
1813 1101
1813 1173
1813 1205
1813 1329
1813 1334
1813 1361
1813 1367
1813 1485
1813 1584
1813 1609
1813 1622
1813 1646
1813 1833
1813 1864
1813 1911
1819 1059
1819 1329
1819 1339
1819 1367
1819 1584
1819 1612
1819 1622
1819 1644
1819 1833
1819 1877
1820 919
1820 1170
1820 1204
1820 1303
1820 1396
1820 1515
1820 1582
1820 1587
1820 1786
1820 1871
1820 1893
1833 947
1833 980
1833 1059
1833 1083
1833 1101
1833 1163
1833 1329
1833 1330
1833 1334
1833 1336
1833 1339
1833 1361
1833 1367
1833 1457
1833 1584
1833 1612
1833 1622
1833 1813
1833 1819
1847 1360
1847 1681
1847 1803
1862 975
1862 1100
1862 1120
1862 1379
1862 1611
1862 1647
1862 1899
1862 1903
1864 947
1864 1040
1864 1048
1864 1074
1864 1101
1864 1205
1864 1329
1864 1584
1864 1609
1864 1813
1871 919
1871 1170
1871 1204
1871 1303
1871 1396
1871 1502
1871 1515
1871 1582
1871 1786
1871 1820
1871 1893
1877 1059
1877 1367
1877 1584
1877 1612
1877 1622
1877 1724
1877 1819
1884 1100
1884 1899
1884 1903
1893 1170
1893 1204
1893 1303
1893 1347
1893 1396
1893 1502
1893 1515
1893 1582
1893 1587
1893 1786
1893 1820
1893 1871
1899 975
1899 1100
1899 1120
1899 1204
1899 1347
1899 1379
1899 1515
1899 1587
1899 1611
1899 1647
1899 1862
1899 1884
1899 1903
1903 975
1903 1204
1903 1379
1903 1611
1903 1862
1903 1884
1903 1899
1911 1361
1911 1813
1939 1948
1939 2072
1939 2075
1939 2132
1939 2180
1939 2243
1939 2537
1939 2603
2001 2157
2001 2346
2001 2538
2001 2636
2001 2660
2042 1577
2042 1948
2042 1964
2042 2102
2042 2180
2042 2194
2042 2268
2042 2502
2042 2516
2042 2533
2042 2567
2042 2592
2071 1577
2071 1948
2071 2072
2071 2102
2071 2127
2071 2174
2071 2180
2071 2194
2071 2267
2071 2268
2071 2293
2071 2429
2071 2516
2071 2533
2071 2567
2071 2592
2072 1577
2072 1939
2072 1948
2072 1970
2072 2071
2072 2075
2072 2127
2072 2132
2072 2174
2072 2180
2072 2232
2072 2243
2072 2268
2072 2516
2072 2533
2072 2537
2072 2592
2072 2603
2102 1577
2102 1948
2102 2042
2102 2071
2102 2127
2102 2132
2102 2174
2102 2180
2102 2194
2102 2267
2102 2268
2102 2519
2102 2531
2102 2533
2102 2567
2127 1577
2127 1964
2127 2071
2127 2072
2127 2102
2127 2174
2127 2268
2127 2355
2127 2516
2127 2533
2127 2537
2127 2567
2127 2592
2157 1928
2157 2001
2157 2268
2157 2538
2157 2636
2174 1577
2174 1964
2174 2071
2174 2072
2174 2102
2174 2127
2174 2180
2174 2194
2174 2267
2174 2268
2174 2537
2180 1577
2180 1939
2180 2042
2180 2071
2180 2072
2180 2102
2180 2174
2180 2194
2180 2267
2180 2268
2180 2516
2180 2567
2180 2592
2267 1577
2267 1948
2267 1970
2267 2071
2267 2102
2267 2174
2267 2180
2267 2232
2267 2243
2267 2268
2267 2293
2267 2502
2267 2537
2267 2567
2267 2592
2268 1577
2268 1928
2268 1964
2268 2042
2268 2071
2268 2072
2268 2102
2268 2127
2268 2157
2268 2174
2268 2180
2268 2232
2268 2267
2268 2502
2268 2516
2268 2533
2268 2538
2268 2567
2268 2592
2268 2660
2502 1577
2502 2042
2502 2267
2502 2268
2502 2516
2502 2519
2502 2533
2533 1577
2533 1948
2533 2042
2533 2071
2533 2072
2533 2102
2533 2127
2533 2194
2533 2268
2533 2293
2533 2502
2533 2567
2533 2592
2538 1928
2538 2001
2538 2157
2538 2268
2538 2346
2538 2659
2636 2001
2636 2157
2636 2346
2660 2001
2660 2268
2660 2659
372 444
372 570
374 376
374 430
374 444
374 520
374 563
374 570
400 376
400 444
400 445
400 487
400 580
400 676
423 376
423 430
423 444
430 374
430 423
430 541
430 563
444 372
444 374
444 376
444 400
444 423
444 445
444 487
444 495
444 520
444 570
445 400
445 444
445 487
445 495
445 520
458 376
487 376
487 400
487 444
487 445
495 444
495 445
495 520
495 570
520 374
520 376
520 444
520 445
520 495
520 563
520 570
541 430
541 563
570 372
570 374
570 376
570 444
570 495
570 520
676 376
676 400
583 661
633 644
644 633
661 583
686 690
686 693
686 704
686 718
686 730
686 765
686 767
686 773
686 774
686 789
686 797
686 834
686 848
686 849
686 852
686 853
690 686
690 773
690 853
693 686
693 834
704 686
704 848
718 686
718 730
718 797
718 834
730 686
730 718
730 797
730 849
765 686
767 686
773 686
773 690
773 774
773 834
773 853
774 686
774 773
774 853
789 686
797 686
797 718
797 730
797 849
834 686
834 693
834 718
834 773
834 853
848 686
848 704
849 686
849 730
849 797
852 686
853 686
853 690
853 773
853 774
853 834
861 876
861 888
876 861
876 888
888 861
888 876
3517 3830
3245 3263
3245 3278
3263 2847
3263 2957
3263 3061
3263 3245
3263 3278
3263 3279
3263 3308
3263 3405
3278 3245
3278 3263
3830 3517
3830 3545
3830 3654
3830 3800
3830 3824
2826 2979
3295 3062
3295 3154
3295 3346
3289 3062
3289 3253
1948 1577
1948 1939
1948 2042
1948 2071
1948 2072
1948 2102
1948 2194
1948 2267
1948 2516
1948 2533
1948 2567
1948 2592
2132 1577
2132 1939
2132 1970
2132 2072
2132 2075
2132 2102
2132 2243
2132 2537
2132 2592
2132 2603
2194 1577
2194 1948
2194 2042
2194 2071
2194 2102
2194 2174
2194 2180
2194 2232
2194 2329
2194 2533
2194 2537
2194 2567
2194 2592
2293 1577
2293 2071
2293 2267
2293 2533
2293 2567
2293 2592
2516 1577
2516 1948
2516 2042
2516 2071
2516 2072
2516 2127
2516 2180
2516 2268
2516 2502
2516 2519
2516 2567
2567 1577
2567 1948
2567 2042
2567 2071
2567 2102
2567 2127
2567 2180
2567 2194
2567 2267
2567 2268
2567 2293
2567 2516
2567 2533
2567 2537
2567 2592
2592 1577
2592 1948
2592 1970
2592 2042
2592 2071
2592 2072
2592 2127
2592 2132
2592 2180
2592 2194
2592 2267
2592 2268
2592 2293
2592 2533
2592 2537
2592 2567
3062 3154
3062 3289
3062 3295
2979 2826
2355 1577
2355 2127
2355 2531
2519 1577
2519 2102
2519 2502
2519 2516
2668 2795
2668 3117
2668 3154
2668 3204
2668 3279
2668 3305
2669 2738
2669 2761
2669 2782
2669 2874
2669 2911
2669 3022
2669 3026
2669 3054
2669 3084
2669 3096
2669 3174
2669 3232
2669 3426
2673 2761
2673 3052
2673 3193
2673 3426
2686 3075
2687 3194
2687 3209
2687 3345
2710 2807
2710 3426
2715 3208
2738 2669
2738 2741
2738 2862
2738 2874
2738 2911
2738 2953
2738 3026
2738 3084
2738 3137
2738 3229
2738 3231
2738 3232
2738 3400
2738 3426
2741 2738
2741 2862
2741 2874
2741 2953
2741 3026
2741 3054
2741 3084
2741 3174
2741 3193
2746 3054
2761 2669
2761 2673
2761 3052
2761 3054
2761 3193
2761 3426
2762 2841
2762 3279
2782 2669
2782 2862
2782 2911
2782 3022
2782 3026
2782 3052
2782 3054
2782 3084
2782 3096
2782 3174
2782 3213
2782 3232
2782 3426
2795 2668
2807 2710
2807 3084
2807 3231
2807 3400
2841 2762
2841 2858
2841 2954
2841 3117
2841 3208
2841 3424
2847 3263
2853 2939
2853 3120
2853 3247
2853 3267
2853 3419
2858 2841
2858 3075
2862 2738
2862 2741
2862 2782
2862 2874
2862 3022
2862 3026
2862 3054
2862 3084
2862 3174
2862 3232
2874 2669
2874 2738
2874 2741
2874 2862
2874 3084
2874 3232
2874 3400
2900 3154
2911 2669
2911 2738
2911 2782
2911 3022
2911 3054
2911 3096
2911 3232
2911 3426
2939 2853
2939 3120
2939 3247
2939 3267
2953 2738
2953 2741
2953 3026
2953 3052
2953 3084
2954 2841
2954 3279
2957 3061
2957 3263
2957 3308
2990 3154
3022 2669
3022 2782
3022 2862
3022 2911
3022 3026
3022 3052
3022 3054
3022 3096
3022 3117
3022 3174
3022 3232
3022 3400
3022 3426
3026 2669
3026 2738
3026 2741
3026 2782
3026 2862
3026 2953
3026 3022
3026 3052
3026 3084
3026 3096
3026 3137
3026 3213
3026 3232
3026 3400
3026 3426
3030 3084
3030 3231
3052 2673
3052 2761
3052 2782
3052 2953
3052 3022
3052 3026
3052 3193
3052 3232
3053 3141
3054 2669
3054 2741
3054 2746
3054 2761
3054 2782
3054 2862
3054 2911
3054 3022
3054 3084
3054 3096
3054 3174
3054 3232
3054 3426
3061 2957
3061 3263
3061 3308
3061 3405
3075 2686
3075 2858
3084 2669
3084 2738
3084 2741
3084 2782
3084 2807
3084 2862
3084 2874
3084 2953
3084 3026
3084 3030
3084 3054
3084 3137
3084 3232
3084 3400
3084 3426
3096 2669
3096 2782
3096 2911
3096 3022
3096 3026
3096 3054
3096 3174
3096 3232
3096 3426
3117 2668
3117 2841
3117 3022
3117 3174
3117 3213
3120 2853
3120 2939
3120 3154
3120 3247
3120 3267
3120 3345
3120 3419
3137 2738
3137 3026
3137 3084
3137 3229
3137 3231
3137 3232
3137 3392
3137 3400
3137 3426
3141 3053
3141 3271
3154 2668
3154 2900
3154 2990
3154 3062
3154 3120
3154 3253
3154 3295
3154 3346
3174 2669
3174 2741
3174 2782
3174 2862
3174 3022
3174 3054
3174 3096
3174 3117
3174 3232
3174 3426
3175 3194
3193 2673
3193 2741
3193 2761
3193 3052
3194 2687
3194 3175
3194 3209
3194 3260
3204 2668
3204 3267
3204 3419
3208 2715
3208 2841
3209 2687
3209 3194
3209 3260
3209 3345
3213 2782
3213 3026
3213 3117
3229 2738
3229 3137
3229 3231
3229 3392
3231 2738
3231 2807
3231 3030
3231 3137
3231 3229
3231 3392
3231 3400
3232 2669
3232 2738
3232 2782
3232 2862
3232 2874
3232 2911
3232 3022
3232 3026
3232 3052
3232 3054
3232 3084
3232 3096
3232 3137
3232 3174
3232 3400
3232 3426
3247 2853
3247 2939
3247 3120
3247 3419
3253 3154
3253 3289
3253 3345
3260 3194
3260 3209
3260 3345
3267 2853
3267 2939
3267 3120
3267 3204
3267 3419
3268 3407
3271 3141
3279 2668
3279 2762
3279 2954
3279 3263
3279 3305
3279 3326
3305 2668
3305 3279
3308 2957
3308 3061
3308 3263
3308 3405
3326 3279
3345 2687
3345 3120
3345 3209
3345 3253
3345 3260
3346 3154
3346 3295
3392 3137
3392 3229
3392 3231
3392 3426
3400 2738
3400 2807
3400 2874
3400 3022
3400 3026
3400 3084
3400 3137
3400 3231
3400 3232
3405 3061
3405 3263
3405 3308
3407 3268
3419 2853
3419 3120
3419 3204
3419 3247
3419 3267
3424 2841
3426 2669
3426 2673
3426 2710
3426 2738
3426 2761
3426 2782
3426 2911
3426 3022
3426 3026
3426 3054
3426 3084
3426 3096
3426 3137
3426 3174
3426 3232
3426 3392
2155 1970
2155 2603
1918 1946
1918 1963
1918 1997
1918 2059
1918 2098
1918 2112
1918 2206
1918 2271
1918 2329
1918 2348
1918 2352
1918 2433
1918 2591
1918 2601
1928 2157
1928 2268
1928 2538
1936 2388
1936 2497
1946 1918
1946 1989
1946 1997
1946 2059
1946 2098
1946 2112
1946 2206
1946 2237
1946 2271
1946 2348
1946 2352
1946 2395
1946 2418
1946 2428
1946 2433
1946 2601
1963 1918
1963 2059
1963 2098
1963 2237
1963 2395
1963 2428
1963 2601
1964 1974
1964 2042
1964 2127
1964 2174
1964 2232
1964 2268
1964 2313
1970 2072
1970 2075
1970 2132
1970 2155
1970 2243
1970 2267
1970 2493
1970 2531
1970 2537
1970 2592
1970 2603
1974 1964
1989 1946
1989 2059
1989 2112
1989 2271
1989 2352
1997 1918
1997 1946
1997 2059
1997 2112
1997 2206
1997 2237
1997 2271
1997 2348
1997 2352
1997 2428
1997 2601
2019 2067
2019 2092
2059 1918
2059 1946
2059 1963
2059 1989
2059 1997
2059 2098
2059 2112
2059 2206
2059 2237
2059 2271
2059 2329
2059 2348
2059 2352
2059 2395
2059 2418
2059 2428
2059 2433
2059 2591
2059 2601
2067 2019
2067 2092
2067 2147
2067 2428
2067 2429
2075 1939
2075 1970
2075 2072
2075 2132
2075 2243
2075 2537
2075 2572
2075 2603
2080 2313
2080 2614
2092 2019
2092 2067
2092 2147
2092 2206
2092 2271
2092 2428
2092 2429
2098 1918
2098 1946
2098 1963
2098 2059
2098 2206
2098 2271
2098 2348
2098 2352
2098 2395
2098 2428
2098 2591
2098 2601
2105 2238
2112 1918
2112 1946
2112 1989
2112 1997
2112 2059
2112 2206
2112 2271
2112 2348
2112 2352
2112 2418
2112 2428
2112 2429
2112 2433
2112 2601
2147 2067
2147 2092
2147 2271
2147 2428
2206 1918
2206 1946
2206 1997
2206 2059
2206 2092
2206 2098
2206 2112
2206 2237
2206 2271
2206 2329
2206 2348
2206 2352
2206 2395
2206 2407
2206 2418
2206 2428
2206 2429
2206 2433
2206 2591
2206 2601
2232 1964
2232 2072
2232 2194
2232 2267
2232 2268
2232 2313
2232 2537
2232 2614
2237 1946
2237 1963
2237 1997
2237 2059
2237 2206
2237 2348
2237 2352
2237 2395
2237 2428
2237 2429
2237 2591
2237 2601
2238 2105
2243 1939
2243 1970
2243 2072
2243 2075
2243 2132
2243 2267
2243 2537
2243 2603
2271 1918
2271 1946
2271 1989
2271 1997
2271 2059
2271 2092
2271 2098
2271 2112
2271 2147
2271 2206
2271 2329
2271 2348
2271 2352
2271 2395
2271 2418
2271 2433
2271 2601
2313 1964
2313 2080
2313 2232
2313 2388
2313 2433
2313 2548
2313 2614
2329 1918
2329 2059
2329 2194
2329 2206
2329 2271
2329 2395
2329 2428
2329 2433
2329 2601
2346 2001
2346 2538
2346 2636
2346 2659
2348 1918
2348 1946
2348 1997
2348 2059
2348 2098
2348 2112
2348 2206
2348 2237
2348 2271
2348 2352
2348 2395
2348 2428
2348 2601
2352 1918
2352 1946
2352 1989
2352 1997
2352 2059
2352 2098
2352 2112
2352 2206
2352 2237
2352 2271
2352 2348
2352 2395
2352 2428
2352 2433
2352 2591
2352 2601
2388 1936
2388 2313
2395 1946
2395 1963
2395 2059
2395 2098
2395 2206
2395 2237
2395 2271
2395 2329
2395 2348
2395 2352
2395 2407
2395 2428
2395 2433
2395 2601
2407 2206
2407 2395
2407 2428
2418 1946
2418 2059
2418 2112
2418 2206
2418 2271
2418 2428
2418 2433
2418 2601
2428 1946
2428 1963
2428 1997
2428 2059
2428 2067
2428 2092
2428 2098
2428 2112
2428 2147
2428 2206
2428 2237
2428 2329
2428 2348
2428 2352
2428 2395
2428 2407
2428 2418
2428 2429
2428 2433
2428 2591
2428 2601
2429 2067
2429 2071
2429 2092
2429 2112
2429 2206
2429 2237
2429 2428
2429 2601
2433 1918
2433 1946
2433 2059
2433 2112
2433 2206
2433 2271
2433 2313
2433 2329
2433 2352
2433 2395
2433 2418
2433 2428
2433 2591
2433 2601
2493 1970
2497 1936
2531 1970
2531 2102
2531 2355
2537 1939
2537 1970
2537 2072
2537 2075
2537 2127
2537 2132
2537 2174
2537 2194
2537 2232
2537 2243
2537 2267
2537 2567
2537 2592
2537 2603
2548 2313
2572 2075
2591 1918
2591 2059
2591 2098
2591 2206
2591 2237
2591 2352
2591 2428
2591 2433
2591 2601
2601 1918
2601 1946
2601 1963
2601 1997
2601 2059
2601 2098
2601 2112
2601 2206
2601 2237
2601 2271
2601 2329
2601 2348
2601 2352
2601 2395
2601 2418
2601 2428
2601 2429
2601 2433
2601 2591
2603 1939
2603 1970
2603 2072
2603 2075
2603 2132
2603 2155
2603 2243
2603 2537
2614 2080
2614 2232
2614 2313
2659 2346
2659 2538
2659 2660
3455 3498
3455 3629
3455 3876
3491 3545
3497 3528
3497 3543
3497 3545
3497 3658
3497 3672
3497 3824
3498 3455
3498 3629
3510 3752
3510 3945
3528 3497
3528 3545
3528 3800
3528 3824
3543 3497
3545 3491
3545 3497
3545 3528
3545 3654
3545 3672
3545 3731
3545 3800
3545 3824
3545 3828
3545 3830
3583 3825
3629 3455
3629 3498
3629 3876
3654 3545
3654 3824
3654 3830
3658 3497
3658 3731
3658 3800
3658 3828
3672 3497
3672 3545
3731 3545
3731 3658
3731 3800
3731 3824
3752 3510
3752 3945
3786 3906
3786 3945
3800 3528
3800 3545
3800 3658
3800 3731
3800 3824
3800 3830
3824 3497
3824 3528
3824 3545
3824 3654
3824 3731
3824 3800
3824 3830
3825 3583
3828 3545
3828 3658
3870 3906
3876 3455
3876 3629
3906 3786
3906 3870
3945 3510
3945 3752
3945 3786
3982 4026
4026 3982
