1 126
1 236
6 219
8 110
8 201
19 138
19 227
19 293
32 93
59 271
63 271
78 218
93 32
94 242
94 266
110 8
126 1
126 260
134 248
138 19
173 202
173 427
173 549
201 8
202 173
202 329
218 78
219 6
227 19
227 263
227 296
236 1
236 248
236 271
236 303
242 94
242 266
248 134
248 236
260 126
263 227
263 296
266 94
266 242
271 59
271 63
271 236
293 19
296 227
296 263
303 236
329 202
601 637
601 1122
637 373
637 436
637 601
637 645
637 678
637 896
637 957
637 1012
637 1018
637 1277
637 1479
896 637
896 957
896 981
896 1018
896 1081
896 1108
896 1229
896 1277
896 1381
896 1459
896 1479
896 1742
896 1824
896 1859
926 1256
926 1509
930 1122
930 1408
930 1549
930 1844
932 1107
932 1156
932 1256
932 1447
932 1488
932 1509
932 1535
932 1580
932 1902
943 1042
950 1494
956 979
956 1218
956 1548
957 637
957 896
957 981
957 1277
957 1381
957 1459
957 1479
957 1859
958 1319
958 1533
958 1548
961 1780
963 992
963 1319
963 1533
963 1548
967 1049
967 1243
967 1305
967 1509
967 1563
979 956
979 1218
979 1562
981 896
981 957
981 1459
981 1479
992 963
992 1533
992 1548
1012 637
1012 1407
1012 1844
1018 637
1018 896
1018 1099
1018 1277
1018 1479
1018 1742
1018 1824
1018 1894
1020 1081
1020 1099
1020 1108
1020 1277
1020 1459
1020 1742
1020 1824
1020 1894
1042 943
1049 967
1049 1242
1049 1243
1049 1407
1053 1183
1072 1428
1072 1472
1081 896
1081 1020
1081 1099
1081 1277
1081 1742
1081 1824
1081 1894
1099 1018
1099 1020
1099 1081
1099 1108
1099 1277
1099 1742
1099 1824
1099 1894
1107 932
1107 1156
1107 1256
1107 1267
1107 1407
1107 1447
1107 1488
1107 1509
1107 1539
1107 1563
1107 1598
1107 1757
1107 1799
1107 1902
1108 896
1108 1020
1108 1099
1108 1277
1108 1742
1108 1824
1108 1894
1122 601
1122 930
1122 1408
1122 1844
1139 1472
1156 932
1156 1107
1156 1256
1156 1447
1156 1488
1156 1563
1156 1799
1180 1447
1180 1598
1183 1053
1183 1343
1183 1472
1183 1529
1201 1243
1201 1447
1201 1535
1201 1580
1201 1598
1207 1256
1207 1447
1207 1488
1207 1598
1207 1712
1218 956
1218 979
1218 1562
1218 1593
1229 896
1229 1277
1229 1459
1229 1859
1240 1693
1242 1049
1242 1267
1242 1407
1243 967
1243 1049
1243 1201
1243 1267
1243 1509
1243 1563
1243 1799
1243 1902
1256 926
1256 932
1256 1107
1256 1156
1256 1207
1256 1447
1256 1488
1256 1509
1256 1563
1256 1598
1256 1712
1256 1757
1256 1863
1256 1902
1267 1107
1267 1242
1267 1243
1267 1447
1267 1509
1267 1712
1267 1799
1277 637
1277 896
1277 957
1277 1018
1277 1020
1277 1081
1277 1099
1277 1108
1277 1229
1277 1381
1277 1414
1277 1459
1277 1479
1277 1742
1277 1824
1277 1859
1277 1894
1305 967
1305 1398
1305 1488
1305 1509
1305 1563
1305 1757
1305 1799
1305 1860
1305 1863
1319 958
1319 963
1319 1533
1319 1548
1342 1478
1343 1183
1372 1478
1381 896
1381 957
1381 1277
1381 1459
1398 1305
1398 1488
1398 1712
1398 1799
1398 1863
1407 1012
1407 1049
1407 1107
1407 1242
1408 930
1408 1122
1408 1549
1408 1844
1414 1277
1415 1472
1415 1739
1428 1072
1428 1472
1447 932
1447 1107
1447 1156
1447 1180
1447 1201
1447 1207
1447 1256
1447 1267
1447 1488
1447 1509
1447 1535
1447 1580
1447 1598
1447 1712
1447 1863
1447 1902
1459 896
1459 957
1459 981
1459 1020
1459 1229
1459 1277
1459 1381
1459 1479
1459 1649
1459 1742
1459 1859
1472 1072
1472 1139
1472 1183
1472 1415
1472 1428
1472 1529
1472 1650
1478 1342
1478 1372
1479 637
1479 896
1479 957
1479 981
1479 1018
1479 1277
1479 1459
1479 1859
1488 932
1488 1107
1488 1156
1488 1207
1488 1256
1488 1305
1488 1398
1488 1447
1488 1539
1488 1598
1488 1712
1488 1863
1494 950
1494 1593
1494 1615
1509 926
1509 932
1509 967
1509 1107
1509 1243
1509 1256
1509 1267
1509 1305
1509 1447
1509 1563
1509 1799
1519 1535
1529 1183
1529 1472
1529 1650
1532 1757
1533 958
1533 963
1533 992
1533 1319
1533 1548
1535 932
1535 1201
1535 1447
1535 1519
1539 1107
1539 1488
1548 956
1548 958
1548 963
1548 992
1548 1319
1548 1533
1549 930
1549 1408
1549 1844
1562 979
1562 1218
1563 967
1563 1107
1563 1156
1563 1243
1563 1256
1563 1305
1563 1509
1563 1799
1580 932
1580 1201
1580 1447
1580 1598
1580 1902
1593 1218
1593 1494
1598 1107
1598 1180
1598 1201
1598 1207
1598 1256
1598 1447
1598 1488
1598 1580
1598 1712
1598 1757
1598 1902
1615 1494
1615 1698
1649 1459
1649 1742
1650 1472
1650 1529
1693 1240
1698 1615
1712 1207
1712 1256
1712 1267
1712 1398
1712 1447
1712 1488
1712 1598
1712 1757
1712 1863
1739 1415
1742 896
1742 1018
1742 1020
1742 1081
1742 1099
1742 1108
1742 1277
1742 1459
1742 1649
1742 1824
1742 1894
1757 1107
1757 1256
1757 1305
1757 1532
1757 1598
1757 1712
1757 1799
1780 961
1799 1107
1799 1156
1799 1243
1799 1267
1799 1305
1799 1398
1799 1509
1799 1563
1799 1757
1824 896
1824 1018
1824 1020
1824 1081
1824 1099
1824 1108
1824 1277
1824 1742
1824 1894
1844 930
1844 1012
1844 1122
1844 1408
1844 1549
1859 896
1859 957
1859 1229
1859 1277
1859 1459
1859 1479
1860 1305
1863 1256
1863 1305
1863 1398
1863 1447
1863 1488
1863 1712
1894 1018
1894 1020
1894 1081
1894 1099
1894 1108
1894 1277
1894 1742
1894 1824
1902 932
1902 1107
1902 1243
1902 1256
1902 1447
1902 1580
1902 1598
1932 1916
1932 2002
1932 2148
1932 2183
1932 2191
1932 2223
1932 2302
2116 1913
2116 2006
2116 2312
2116 2447
2116 2616
2116 2633
2116 2639
2133 1916
2133 1940
2133 2026
2133 2031
2133 2036
2133 2143
2133 2223
2133 2294
2133 2296
2133 2302
2133 2394
2133 2474
2133 2498
2133 2616
2143 1916
2143 1940
2143 1968
2143 2002
2143 2133
2143 2294
2143 2302
2143 2498
2143 2616
2183 1916
2183 1932
2183 2002
2183 2026
2183 2148
2183 2191
2183 2223
2183 2294
2183 2302
2183 2394
2223 1932
2223 2133
2223 2183
2223 2191
2223 2294
2223 2394
2223 2498
2223 2501
2223 2616
2302 1932
2302 1940
2302 2133
2302 2143
2302 2148
2302 2183
2302 2191
2302 2530
2447 1968
2447 2006
2447 2116
2447 2639
2498 1916
2498 1940
2498 2002
2498 2026
2498 2048
2498 2133
2498 2143
2498 2191
2498 2223
2498 2294
2498 2296
2498 2616
427 173
427 549
549 173
549 427
399 441
399 476
441 399
441 476
476 399
476 441
362 373
362 415
362 558
373 362
373 436
373 544
373 558
373 637
373 645
373 683
415 362
415 558
432 455
432 521
432 544
436 373
436 637
436 652
436 683
437 462
455 432
462 437
462 493
462 536
493 462
493 536
521 432
521 544
536 462
536 493
544 373
544 432
544 521
544 645
544 683
558 362
558 373
558 415
645 373
645 544
645 637
645 683
683 373
683 436
683 544
683 645
652 436
678 637
578 675
603 611
603 623
611 603
623 603
675 578
3437 3458
3437 3463
3437 3499
3437 3509
3437 3513
3437 3523
3437 3548
3437 3552
3437 3565
3437 3569
3437 3574
3437 3590
3437 3605
3437 3615
3437 3623
3437 3636
3437 3662
3437 3679
3437 3710
3437 3721
3437 3722
3437 3749
3437 3759
3437 3768
3437 3774
3437 3781
3437 3785
3437 3791
3437 3795
3437 3796
3437 3808
3437 3813
3437 3814
3437 3827
3437 3835
3437 3863
3437 3884
3437 3890
3437 3894
3437 3918
3437 3938
3437 3949
3437 3956
3437 3960
3437 3962
3437 3968
4031 3991
4031 4004
4031 4027
706 731
706 784
706 815
731 706
731 784
731 815
731 827
738 784
763 770
770 763
770 783
783 770
783 827
784 706
784 731
784 738
784 827
815 706
815 731
815 856
825 856
827 731
827 783
827 784
856 815
856 825
867 887
887 867
3721 3437
3721 3796
3721 3938
3721 3968
3005 3072
3005 3172
3005 3254
3962 3437
3962 3938
3962 3968
3168 2830
3168 3233
3168 3331
3233 2692
3233 2758
3233 2780
3233 2820
3233 2830
3233 3168
3331 2718
3331 2871
3331 2958
3331 3148
3331 3168
3331 3306
2976 2783
2976 2958
2976 3172
2148 1932
2148 1940
2148 2183
2148 2191
2148 2302
2148 2394
2148 2530
2191 1932
2191 1940
2191 2026
2191 2148
2191 2183
2191 2223
2191 2302
2191 2498
2501 2222
2501 2223
2501 2294
2501 2390
2501 2394
2501 2560
2530 1913
2530 2148
2530 2302
2530 2560
1913 2116
1913 2312
1913 2530
1913 2616
1916 1932
1916 1940
1916 2002
1916 2133
1916 2143
1916 2183
1916 2294
1916 2498
1916 2616
1940 1916
1940 2026
1940 2133
1940 2143
1940 2148
1940 2191
1940 2294
1940 2302
1940 2498
1940 2616
2002 1916
2002 1932
2002 2026
2002 2143
2002 2183
2002 2294
2002 2498
2026 1940
2026 2002
2026 2133
2026 2183
2026 2191
2026 2394
2026 2498
2294 1916
2294 1940
2294 2002
2294 2133
2294 2143
2294 2183
2294 2223
2294 2394
2294 2498
2294 2501
2294 2616
2394 2026
2394 2133
2394 2148
2394 2183
2394 2223
2394 2294
2394 2390
2394 2501
2616 1913
2616 1916
2616 1940
2616 2116
2616 2133
2616 2143
2616 2223
2616 2294
2616 2312
2616 2498
2670 3309
2670 3325
2670 3382
2692 3233
2708 2796
2708 3115
2708 3172
2718 2758
2718 3115
2718 3331
2718 3402
2723 3009
2726 2890
2732 3372
2743 2754
2743 3029
2743 3036
2743 3301
2754 2743
2754 2757
2754 2763
2754 2812
2754 2850
2754 2866
2754 2890
2754 2944
2754 2966
2754 3025
2754 3029
2754 3036
2754 3129
2754 3142
2757 2754
2757 2763
2757 2815
2757 2827
2757 2866
2757 2944
2757 2966
2757 3036
2757 3129
2757 3142
2757 3301
2758 2718
2758 2780
2758 2801
2758 3233
2763 2754
2763 2757
2763 2890
2763 2944
2763 2948
2780 2758
2780 2871
2780 3109
2780 3172
2780 3233
2783 2819
2783 2976
2783 3172
2796 2708
2796 3016
2796 3082
2796 3172
2801 2758
2812 2754
2812 2818
2812 3249
2812 3393
2815 2757
2815 2827
2815 2866
2815 2944
2815 2966
2815 3142
2818 2812
2819 2783
2819 3148
2819 3306
2820 2934
2820 3233
2820 3275
2827 2757
2827 2815
2827 2866
2827 2890
2827 2944
2827 2966
2827 3301
2830 3168
2830 3233
2850 2754
2850 2966
2866 2754
2866 2757
2866 2815
2866 2827
2866 2890
2866 2966
2866 3142
2871 2780
2871 3038
2871 3331
2890 2726
2890 2754
2890 2763
2890 2827
2890 2866
2890 3025
2890 3029
2890 3142
2934 2820
2934 3275
2944 2754
2944 2757
2944 2763
2944 2815
2944 2827
2944 2966
2944 3025
2944 3129
2944 3142
2944 3301
2948 2763
2948 3301
2949 2983
2949 3336
2958 2976
2958 3009
2958 3331
2963 3036
2966 2754
2966 2757
2966 2815
2966 2827
2966 2850
2966 2866
2966 2944
2966 3142
2966 3301
2983 2949
2983 3072
3009 2723
3009 2958
3009 3082
3009 3109
3016 2796
3016 3082
3025 2754
3025 2890
3025 2944
3025 3029
3025 3036
3029 2743
3029 2754
3029 2890
3029 3025
3029 3129
3036 2743
3036 2754
3036 2757
3036 2963
3036 3025
3038 2871
3038 3082
3038 3197
3038 3321
3072 2983
3072 3005
3082 2796
3082 3009
3082 3016
3082 3038
3082 3115
3082 3148
3082 3172
3082 3306
3082 3321
3103 3241
3109 2780
3109 3009
3115 2708
3115 2718
3115 3082
3129 2754
3129 2757
3129 2944
3129 3029
3129 3301
3142 2754
3142 2757
3142 2815
3142 2866
3142 2890
3142 2944
3142 2966
3148 2819
3148 3082
3148 3254
3148 3306
3148 3331
3172 2708
3172 2780
3172 2783
3172 2796
3172 2976
3172 3005
3172 3082
3197 3038
3197 3321
3241 3103
3249 2812
3254 3005
3254 3148
3275 2820
3275 2934
3301 2743
3301 2757
3301 2827
3301 2944
3301 2948
3301 2966
3301 3129
3306 2819
3306 3082
3306 3148
3306 3331
3309 2670
3309 3325
3309 3382
3321 3038
3321 3082
3321 3197
3325 2670
3325 3309
3325 3382
3336 2949
3372 2732
3382 2670
3382 3309
3382 3325
3393 2812
3401 3402
3402 2718
3402 3401
2031 2036
2031 2133
2031 2205
1935 2006
1935 2633
1968 2006
1968 2143
1968 2447
1968 2633
1975 2474
1982 2222
1982 2560
2006 1935
2006 1968
2006 2014
2006 2116
2006 2447
2006 2639
2014 2006
2036 2031
2036 2133
2036 2288
2045 2109
2045 2121
2045 2184
2045 2240
2045 2276
2045 2290
2045 2300
2045 2306
2045 2409
2045 2410
2045 2477
2045 2551
2045 2553
2045 2556
2045 2560
2045 2573
2045 2579
2045 2586
2045 2600
2045 2604
2045 2625
2048 2296
2048 2498
2109 2045
2109 2121
2109 2184
2109 2240
2109 2276
2109 2290
2109 2306
2109 2409
2109 2410
2109 2477
2109 2492
2109 2551
2109 2556
2109 2560
2109 2573
2109 2579
2109 2586
2109 2604
2109 2625
2121 2045
2121 2109
2121 2184
2121 2240
2121 2276
2121 2290
2121 2306
2121 2409
2121 2410
2121 2477
2121 2492
2121 2553
2121 2556
2121 2560
2121 2573
2121 2586
2121 2600
2121 2604
2121 2625
2184 2045
2184 2109
2184 2121
2184 2240
2184 2276
2184 2290
2184 2306
2184 2409
2184 2410
2184 2492
2184 2551
2184 2553
2184 2556
2184 2560
2184 2573
2184 2576
2184 2579
2184 2586
2184 2600
2184 2604
2184 2625
2186 2296
2205 2031
2222 1982
2222 2390
2222 2501
2240 2045
2240 2109
2240 2121
2240 2184
2240 2276
2240 2290
2240 2306
2240 2409
2240 2410
2240 2477
2240 2492
2240 2551
2240 2553
2240 2556
2240 2560
2240 2573
2240 2579
2240 2586
2240 2600
2240 2604
2240 2625
2276 2045
2276 2109
2276 2121
2276 2184
2276 2240
2276 2290
2276 2409
2276 2410
2276 2492
2276 2551
2276 2553
2276 2560
2276 2573
2276 2586
2276 2600
2276 2604
2276 2625
2288 2036
2288 2300
2288 2383
2290 2045
2290 2109
2290 2121
2290 2184
2290 2240
2290 2276
2290 2306
2290 2409
2290 2410
2290 2492
2290 2553
2290 2556
2290 2560
2290 2573
2290 2579
2290 2586
2290 2600
2290 2604
2290 2625
2296 2048
2296 2133
2296 2186
2296 2498
2300 2045
2300 2288
2300 2383
2300 2410
2300 2556
2300 2576
2300 2604
2306 2045
2306 2109
2306 2121
2306 2184
2306 2240
2306 2290
2306 2409
2306 2410
2306 2556
2306 2560
2306 2573
2306 2579
2306 2586
2306 2604
2312 1913
2312 2116
2312 2616
2321 2341
2341 2321
2383 2288
2383 2300
2390 2222
2390 2394
2390 2501
2409 2045
2409 2109
2409 2121
2409 2184
2409 2240
2409 2276
2409 2290
2409 2306
2409 2410
2409 2477
2409 2492
2409 2551
2409 2553
2409 2560
2409 2573
2409 2579
2409 2586
2409 2600
2409 2604
2409 2625
2410 2045
2410 2109
2410 2121
2410 2184
2410 2240
2410 2276
2410 2290
2410 2300
2410 2306
2410 2409
2410 2477
2410 2492
2410 2551
2410 2553
2410 2556
2410 2560
2410 2573
2410 2576
2410 2579
2410 2586
2410 2600
2410 2604
2410 2625
2474 1975
2474 2133
2477 2045
2477 2109
2477 2121
2477 2240
2477 2409
2477 2410
2477 2551
2477 2553
2477 2560
2477 2604
2477 2625
2492 2109
2492 2121
2492 2184
2492 2240
2492 2276
2492 2290
2492 2409
2492 2410
2492 2553
2492 2556
2492 2560
2492 2573
2492 2586
2492 2600
2492 2604
2492 2625
2551 2045
2551 2109
2551 2184
2551 2240
2551 2276
2551 2409
2551 2410
2551 2477
2551 2553
2551 2560
2551 2573
2551 2586
2551 2600
2551 2604
2553 2045
2553 2121
2553 2184
2553 2240
2553 2276
2553 2290
2553 2409
2553 2410
2553 2477
2553 2492
2553 2551
2553 2556
2553 2573
2553 2579
2553 2586
2553 2600
2553 2604
2553 2625
2556 2045
2556 2109
2556 2121
2556 2184
2556 2240
2556 2290
2556 2300
2556 2306
2556 2410
2556 2492
2556 2553
2556 2573
2556 2579
2556 2586
2556 2604
2556 2625
2560 1982
2560 2045
2560 2109
2560 2121
2560 2184
2560 2240
2560 2276
2560 2290
2560 2306
2560 2409
2560 2410
2560 2477
2560 2492
2560 2501
2560 2530
2560 2551
2560 2573
2560 2579
2560 2586
2560 2600
2560 2604
2560 2625
2573 2045
2573 2109
2573 2121
2573 2184
2573 2240
2573 2276
2573 2290
2573 2306
2573 2409
2573 2410
2573 2492
2573 2551
2573 2553
2573 2556
2573 2560
2573 2576
2573 2579
2573 2586
2573 2600
2573 2604
2573 2625
2576 2184
2576 2300
2576 2410
2576 2573
2576 2600
2579 2045
2579 2109
2579 2184
2579 2240
2579 2290
2579 2306
2579 2409
2579 2410
2579 2553
2579 2556
2579 2560
2579 2573
2579 2604
2579 2625
2586 2045
2586 2109
2586 2121
2586 2184
2586 2240
2586 2276
2586 2290
2586 2306
2586 2409
2586 2410
2586 2492
2586 2551
2586 2553
2586 2556
2586 2560
2586 2573
2586 2600
2586 2604
2586 2625
2600 2045
2600 2121
2600 2184
2600 2240
2600 2276
2600 2290
2600 2409
2600 2410
2600 2492
2600 2551
2600 2553
2600 2560
2600 2573
2600 2576
2600 2586
2600 2604
2600 2625
2604 2045
2604 2109
2604 2121
2604 2184
2604 2240
2604 2276
2604 2290
2604 2300
2604 2306
2604 2409
2604 2410
2604 2477
2604 2492
2604 2551
2604 2553
2604 2556
2604 2560
2604 2573
2604 2579
2604 2586
2604 2600
2604 2625
2625 2045
2625 2109
2625 2121
2625 2184
2625 2240
2625 2276
2625 2290
2625 2409
2625 2410
2625 2477
2625 2492
2625 2553
2625 2556
2625 2560
2625 2573
2625 2579
2625 2586
2625 2600
2625 2604
2633 1935
2633 1968
2633 2116
2633 2639
2639 2006
2639 2116
2639 2447
2639 2633
3458 3437
3458 3569
3463 3437
3463 3569
3499 3437
3509 3437
3509 3569
3513 3437
3523 3437
3548 3437
3552 3437
3565 3437
3569 3437
3569 3458
3569 3463
3569 3509
3574 3437
3574 3605
3590 3437
3590 3615
3590 3636
3590 3710
3590 3722
3590 3835
3605 3437
3605 3574
3605 3785
3605 3938
3615 3437
3615 3590
3615 3636
3615 3835
3623 3437
3623 3768
3636 3437
3636 3590
3636 3615
3636 3710
3636 3722
3636 3835
3662 3437
3662 3814
3662 3863
3679 3437
3679 3863
3679 3894
3710 3437
3710 3590
3710 3636
3710 3722
3710 3835
3722 3437
3722 3590
3722 3636
3722 3710
3722 3827
3722 3835
3722 3918
3749 3437
3749 3918
3759 3437
3759 3774
3759 3918
3768 3437
3768 3623
3774 3437
3774 3759
3774 3918
3781 3437
3785 3437
3785 3605
3791 3437
3791 3960
3795 3437
3796 3437
3796 3721
3808 3437
3813 3437
3814 3437
3814 3662
3814 3949
3827 3437
3827 3722
3835 3437
3835 3590
3835 3615
3835 3636
3835 3710
3835 3722
3863 3437
3863 3662
3863 3679
3863 3894
3884 3437
3884 3938
3884 3968
3890 3437
3894 3437
3894 3679
3894 3863
3918 3437
3918 3722
3918 3749
3918 3759
3918 3774
3938 3437
3938 3605
3938 3721
3938 3884
3938 3962
3938 3968
3949 3437
3949 3814
3956 3437
3960 3437
3960 3791
3968 3437
3968 3721
3968 3884
3968 3938
3968 3962
3991 4031
3995 4004
4004 3995
4004 4031
4006 4027
4027 4006
4027 4031
