348 353
348 376
348 414
348 475
348 483
348 484
348 566
414 348
414 376
414 475
414 483
414 566
414 651
353 348
353 376
353 475
353 483
353 484
353 566
353 651
376 348
376 353
376 414
376 475
376 483
376 566
376 651
475 348
475 353
475 376
475 414
475 483
475 484
475 566
475 651
483 348
483 353
483 376
483 414
483 475
483 484
483 566
483 651
484 348
484 353
484 475
484 483
484 566
484 651
566 348
566 353
566 376
566 414
566 475
566 483
566 484
566 651
651 353
651 376
651 414
651 475
651 483
651 484
651 566
1465 1577
1465 1718
1534 1577
1534 1666
1577 1465
1577 1534
1577 1666
1577 1718
1666 1534
1666 1577
1718 1465
1718 1577
