366 517
366 526
366 580
366 606
366 930
366 1179
366 1237
366 1300
366 1313
366 1320
366 1358
366 1374
366 1408
366 1446
366 1512
366 1549
366 1574
366 1692
366 1740
420 1237
420 1692
517 366
517 526
517 580
517 601
517 606
517 1114
517 1179
517 1237
517 1313
517 1320
517 1358
517 1374
517 1446
517 1512
517 1574
517 1692
517 1778
526 366
526 517
526 606
526 1074
526 1114
526 1179
526 1217
526 1226
526 1237
526 1320
526 1334
526 1358
526 1540
526 1574
526 1688
526 1740
526 1778
580 366
580 517
580 601
580 606
580 641
580 930
580 1179
580 1210
580 1237
580 1300
580 1313
580 1320
580 1358
580 1374
580 1446
580 1574
580 1692
580 1740
601 517
601 580
601 1512
606 366
606 517
606 526
606 580
606 641
606 915
606 1070
606 1179
606 1210
606 1300
606 1313
606 1320
606 1334
606 1358
606 1374
606 1512
606 1536
606 1574
606 1692
606 1778
641 580
641 606
641 915
641 930
641 962
641 1070
641 1114
641 1179
641 1210
641 1237
641 1300
641 1313
641 1320
641 1358
641 1374
641 1425
641 1446
641 1549
641 1574
641 1778
908 1077
908 1136
908 1187
908 1274
908 1307
908 1327
908 1360
908 1421
908 1511
908 1518
908 1537
908 1555
908 1567
908 1588
908 1593
908 1687
908 1719
908 1806
908 1825
908 1866
915 606
915 641
915 930
915 962
915 1408
915 1425
915 1446
915 1545
915 1549
915 1574
915 1778
921 1182
921 1312
921 1334
921 1369
921 1540
930 366
930 580
930 641
930 915
930 962
930 1210
930 1358
930 1374
930 1408
930 1425
930 1446
930 1549
930 1574
951 1274
951 1327
951 1511
951 1523
951 1540
951 1618
951 1656
951 1687
951 1702
951 1806
951 1852
962 641
962 915
962 930
962 1210
962 1425
962 1545
962 1549
962 1574
962 1778
990 1419
990 1450
990 1505
990 1656
990 1726
1013 1109
1013 1549
1013 1574
1013 1777
1028 1523
1029 1074
1029 1165
1029 1171
1029 1173
1029 1483
1029 1513
1029 1537
1029 1553
1029 1687
1029 1688
1070 606
1070 641
1070 1109
1070 1338
1070 1446
1070 1536
1070 1549
1070 1745
1074 526
1074 1029
1074 1171
1074 1173
1074 1483
1074 1553
1077 908
1077 1165
1077 1171
1077 1642
1077 1702
1077 1863
1077 1866
1077 1911
1088 1098
1088 1165
1088 1178
1088 1193
1088 1421
1088 1540
1088 1719
1088 1803
1088 1866
1098 1088
1098 1165
1098 1187
1098 1317
1098 1328
1098 1360
1098 1505
1098 1511
1098 1553
1098 1567
1098 1593
1098 1705
1098 1719
1098 1803
1098 1806
1109 1013
1109 1070
1109 1338
1109 1549
1109 1847
1114 517
1114 526
1114 641
1114 1179
1114 1210
1114 1300
1114 1320
1114 1358
1114 1408
1114 1512
1114 1574
1114 1692
1114 1778
1114 1808
1136 908
1136 1307
1136 1328
1136 1360
1136 1410
1136 1421
1136 1494
1136 1511
1136 1555
1136 1567
1136 1588
1136 1593
1136 1687
1136 1705
1136 1719
1136 1803
1136 1806
1136 1825
1136 1866
1165 1029
1165 1077
1165 1088
1165 1098
1165 1178
1165 1182
1165 1317
1165 1369
1165 1419
1165 1421
1165 1505
1165 1719
1165 1758
1165 1866
1171 1029
1171 1074
1171 1077
1171 1173
1171 1182
1171 1450
1171 1642
1171 1883
1173 1029
1173 1074
1173 1171
1173 1483
1173 1553
1173 1590
1173 1688
1178 1088
1178 1165
1178 1369
1178 1419
1178 1758
1178 1803
1178 1866
1179 366
1179 517
1179 526
1179 580
1179 606
1179 641
1179 1114
1179 1210
1179 1237
1179 1300
1179 1320
1179 1358
1179 1374
1179 1512
1179 1545
1179 1574
1179 1692
1179 1740
1179 1778
1182 921
1182 1165
1182 1171
1182 1312
1182 1334
1182 1369
1182 1405
1182 1782
1187 908
1187 1098
1187 1328
1187 1360
1187 1410
1187 1511
1187 1553
1187 1567
1187 1588
1187 1593
1187 1705
1187 1719
1187 1803
1187 1806
1187 1866
1193 1088
1193 1505
1196 1197
1196 1485
1196 1618
1196 1769
1196 1836
1196 1852
1197 1196
1210 580
1210 606
1210 641
1210 930
1210 962
1210 1114
1210 1179
1210 1226
1210 1300
1210 1320
1210 1358
1210 1408
1210 1425
1210 1446
1210 1549
1210 1574
1210 1692
1210 1740
1210 1778
1217 526
1217 1334
1217 1338
1217 1408
1217 1536
1217 1540
1226 526
1226 1210
1226 1320
1226 1536
1226 1778
1226 1847
1237 366
1237 420
1237 517
1237 526
1237 580
1237 641
1237 1179
1237 1313
1237 1320
1237 1358
1237 1374
1237 1512
1237 1574
1237 1692
1237 1778
1274 908
1274 951
1274 1307
1274 1511
1274 1553
1274 1567
1274 1588
1274 1593
1274 1656
1274 1687
1274 1806
1274 1825
1274 1866
1289 1483
1300 366
1300 580
1300 606
1300 641
1300 1114
1300 1179
1300 1210
1300 1313
1300 1320
1300 1358
1300 1374
1300 1574
1300 1740
1307 908
1307 1136
1307 1274
1307 1360
1307 1421
1307 1494
1307 1511
1307 1553
1307 1555
1307 1567
1307 1588
1307 1593
1307 1687
1307 1705
1307 1806
1307 1825
1307 1866
1312 921
1312 1182
1312 1369
1312 1405
1312 1485
1312 1513
1312 1590
1312 1846
1312 1883
1313 366
1313 517
1313 580
1313 606
1313 641
1313 1237
1313 1300
1313 1320
1313 1358
1313 1374
1313 1446
1313 1512
1313 1692
1317 1098
1317 1165
1317 1369
1317 1505
1317 1567
1317 1656
1317 1803
1320 366
1320 517
1320 526
1320 580
1320 606
1320 641
1320 1114
1320 1179
1320 1210
1320 1226
1320 1237
1320 1300
1320 1313
1320 1358
1320 1374
1320 1425
1320 1512
1320 1545
1320 1574
1320 1692
1320 1740
1320 1778
1327 908
1327 951
1327 1369
1327 1518
1327 1523
1327 1540
1327 1618
1327 1626
1327 1656
1327 1702
1327 1769
1327 1836
1327 1852
1327 1909
1327 1911
1328 1098
1328 1136
1328 1187
1328 1410
1328 1421
1328 1494
1328 1511
1328 1593
1328 1687
1328 1705
1328 1803
1328 1825
1334 526
1334 606
1334 921
1334 1182
1334 1217
1334 1540
1334 1782
1338 1070
1338 1109
1338 1217
1338 1536
1338 1549
1338 1745
1358 366
1358 517
1358 526
1358 580
1358 606
1358 641
1358 930
1358 1114
1358 1179
1358 1210
1358 1237
1358 1300
1358 1313
1358 1320
1358 1374
1358 1425
1358 1446
1358 1512
1358 1545
1358 1574
1358 1692
1358 1740
1360 908
1360 1098
1360 1136
1360 1187
1360 1307
1360 1410
1360 1494
1360 1511
1360 1553
1360 1555
1360 1567
1360 1588
1360 1593
1360 1687
1360 1705
1360 1719
1360 1726
1360 1803
1360 1806
1360 1847
1360 1866
1369 921
1369 1165
1369 1178
1369 1182
1369 1312
1369 1317
1369 1327
1369 1405
1369 1505
1369 1523
1369 1590
1369 1656
1369 1726
1369 1769
1369 1780
1369 1836
1369 1846
1369 1852
1374 366
1374 517
1374 580
1374 606
1374 641
1374 930
1374 1179
1374 1237
1374 1300
1374 1313
1374 1320
1374 1358
1374 1512
1374 1574
1374 1692
1405 1182
1405 1312
1405 1369
1405 1485
1405 1513
1405 1590
1405 1846
1405 1883
1408 366
1408 915
1408 930
1408 1114
1408 1210
1408 1217
1408 1549
1408 1574
1408 1740
1410 1136
1410 1187
1410 1328
1410 1360
1410 1421
1410 1494
1410 1555
1410 1593
1410 1687
1410 1705
1410 1803
1410 1825
1410 1866
1419 990
1419 1165
1419 1178
1419 1440
1419 1702
1419 1758
1419 1780
1419 1883
1419 1909
1419 1911
1421 908
1421 1088
1421 1136
1421 1165
1421 1307
1421 1328
1421 1410
1421 1494
1421 1555
1421 1567
1421 1687
1421 1705
1421 1719
1421 1803
1421 1825
1421 1866
1425 641
1425 915
1425 930
1425 962
1425 1210
1425 1320
1425 1358
1425 1545
1425 1549
1425 1574
1425 1778
1440 1419
1440 1523
1440 1537
1440 1590
1440 1626
1440 1702
1440 1780
1440 1817
1440 1852
1440 1863
1440 1883
1440 1909
1440 1911
1446 366
1446 517
1446 580
1446 641
1446 915
1446 930
1446 1070
1446 1210
1446 1313
1446 1358
1446 1549
1446 1574
1446 1692
1446 1778
1450 990
1450 1171
1450 1505
1450 1656
1450 1726
1458 1590
1458 1769
1458 1782
1458 1817
1458 1846
1458 1852
1458 1863
1483 1029
1483 1074
1483 1173
1483 1289
1485 1196
1485 1312
1485 1405
1485 1618
1485 1769
1485 1782
1485 1836
1485 1846
1494 1136
1494 1307
1494 1328
1494 1360
1494 1410
1494 1421
1494 1511
1494 1555
1494 1567
1494 1588
1494 1593
1494 1687
1494 1705
1494 1803
1494 1825
1505 990
1505 1098
1505 1165
1505 1193
1505 1317
1505 1369
1505 1450
1505 1593
1505 1656
1505 1758
1511 908
1511 951
1511 1098
1511 1136
1511 1187
1511 1274
1511 1307
1511 1328
1511 1360
1511 1494
1511 1553
1511 1555
1511 1567
1511 1656
1511 1687
1511 1705
1511 1806
1511 1825
1511 1866
1512 366
1512 517
1512 601
1512 606
1512 1114
1512 1179
1512 1237
1512 1313
1512 1320
1512 1358
1512 1374
1512 1740
1513 1029
1513 1312
1513 1405
1513 1590
1513 1782
1513 1846
1513 1852
1513 1883
1518 908
1518 1327
1518 1537
1518 1567
1518 1866
1523 951
1523 1028
1523 1327
1523 1369
1523 1440
1523 1540
1523 1618
1523 1780
1523 1852
1523 1863
1523 1911
1536 606
1536 1070
1536 1217
1536 1226
1536 1338
1536 1574
1536 1692
1537 908
1537 1029
1537 1440
1537 1518
1537 1567
1537 1806
1540 526
1540 921
1540 951
1540 1088
1540 1217
1540 1327
1540 1334
1540 1523
1540 1618
1540 1909
1545 915
1545 962
1545 1179
1545 1320
1545 1358
1545 1425
1545 1574
1545 1778
1549 366
1549 641
1549 915
1549 930
1549 962
1549 1013
1549 1070
1549 1109
1549 1210
1549 1338
1549 1408
1549 1425
1549 1446
1549 1574
1549 1740
1549 1778
1553 1029
1553 1074
1553 1098
1553 1173
1553 1187
1553 1274
1553 1307
1553 1360
1553 1511
1553 1555
1553 1688
1553 1806
1553 1825
1553 1847
1555 908
1555 1136
1555 1307
1555 1360
1555 1410
1555 1421
1555 1494
1555 1511
1555 1553
1555 1567
1555 1588
1555 1593
1555 1656
1555 1687
1555 1705
1555 1719
1555 1726
1555 1803
1555 1806
1555 1825
1555 1847
1555 1866
1567 908
1567 1098
1567 1136
1567 1187
1567 1274
1567 1307
1567 1317
1567 1360
1567 1421
1567 1494
1567 1511
1567 1518
1567 1537
1567 1555
1567 1588
1567 1593
1567 1687
1567 1705
1567 1719
1567 1803
1567 1806
1567 1825
1567 1847
1567 1866
1574 366
1574 517
1574 526
1574 580
1574 606
1574 641
1574 915
1574 930
1574 962
1574 1013
1574 1114
1574 1179
1574 1210
1574 1237
1574 1300
1574 1320
1574 1358
1574 1374
1574 1408
1574 1425
1574 1446
1574 1536
1574 1545
1574 1549
1574 1692
1574 1740
1574 1778
1588 908
1588 1136
1588 1187
1588 1274
1588 1307
1588 1360
1588 1494
1588 1555
1588 1567
1588 1593
1588 1687
1588 1705
1588 1719
1588 1803
1588 1806
1588 1847
1588 1866
1590 1173
1590 1312
1590 1369
1590 1405
1590 1440
1590 1458
1590 1513
1590 1782
1590 1846
1590 1863
1590 1883
1593 908
1593 1098
1593 1136
1593 1187
1593 1274
1593 1307
1593 1328
1593 1360
1593 1410
1593 1494
1593 1505
1593 1555
1593 1567
1593 1588
1593 1687
1593 1705
1593 1758
1593 1803
1593 1806
1593 1825
1593 1866
1618 951
1618 1196
1618 1327
1618 1485
1618 1523
1618 1540
1618 1836
1626 1327
1626 1440
1626 1702
1626 1780
1626 1817
1626 1863
1626 1883
1626 1909
1626 1911
1642 1077
1642 1171
1656 951
1656 990
1656 1274
1656 1317
1656 1327
1656 1369
1656 1450
1656 1505
1656 1511
1656 1555
1656 1687
1656 1702
1656 1726
1656 1806
1656 1852
1687 908
1687 951
1687 1029
1687 1136
1687 1274
1687 1307
1687 1328
1687 1360
1687 1410
1687 1421
1687 1494
1687 1511
1687 1555
1687 1567
1687 1588
1687 1593
1687 1656
1687 1705
1687 1719
1687 1803
1687 1806
1687 1825
1687 1866
1688 526
1688 1029
1688 1173
1688 1553
1688 1745
1692 366
1692 420
1692 517
1692 580
1692 606
1692 1114
1692 1179
1692 1210
1692 1237
1692 1313
1692 1320
1692 1358
1692 1374
1692 1446
1692 1536
1692 1574
1692 1808
1697 1702
1697 1806
1697 1909
1702 951
1702 1077
1702 1327
1702 1419
1702 1440
1702 1626
1702 1656
1702 1697
1702 1780
1702 1806
1702 1817
1702 1863
1702 1909
1702 1911
1705 1098
1705 1136
1705 1187
1705 1307
1705 1328
1705 1360
1705 1410
1705 1421
1705 1494
1705 1511
1705 1555
1705 1567
1705 1588
1705 1593
1705 1687
1705 1719
1705 1803
1705 1825
1705 1866
1719 908
1719 1088
1719 1098
1719 1136
1719 1165
1719 1187
1719 1360
1719 1421
1719 1555
1719 1567
1719 1588
1719 1687
1719 1705
1719 1803
1719 1825
1719 1847
1726 990
1726 1360
1726 1369
1726 1450
1726 1555
1726 1656
1740 366
1740 526
1740 580
1740 1179
1740 1210
1740 1300
1740 1320
1740 1358
1740 1408
1740 1512
1740 1549
1740 1574
1740 1778
1745 1070
1745 1338
1745 1688
1758 1165
1758 1178
1758 1419
1758 1505
1758 1593
1769 1196
1769 1327
1769 1369
1769 1458
1769 1485
1769 1836
1777 1013
1778 517
1778 526
1778 606
1778 641
1778 915
1778 962
1778 1114
1778 1179
1778 1210
1778 1226
1778 1237
1778 1320
1778 1425
1778 1446
1778 1545
1778 1549
1778 1574
1778 1740
1780 1369
1780 1419
1780 1440
1780 1523
1780 1626
1780 1702
1780 1817
1780 1909
1782 1182
1782 1334
1782 1458
1782 1485
1782 1513
1782 1590
1782 1909
1803 1088
1803 1098
1803 1136
1803 1178
1803 1187
1803 1317
1803 1328
1803 1360
1803 1410
1803 1421
1803 1494
1803 1555
1803 1567
1803 1588
1803 1593
1803 1687
1803 1705
1803 1719
1803 1847
1803 1866
1806 908
1806 951
1806 1098
1806 1136
1806 1187
1806 1274
1806 1307
1806 1360
1806 1511
1806 1537
1806 1553
1806 1555
1806 1567
1806 1588
1806 1593
1806 1656
1806 1687
1806 1697
1806 1702
1806 1825
1806 1866
1808 1114
1808 1692
1817 1440
1817 1458
1817 1626
1817 1702
1817 1780
1817 1846
1817 1863
1817 1909
1817 1911
1825 908
1825 1136
1825 1274
1825 1307
1825 1328
1825 1410
1825 1421
1825 1494
1825 1511
1825 1553
1825 1555
1825 1567
1825 1593
1825 1687
1825 1705
1825 1719
1825 1806
1836 1196
1836 1327
1836 1369
1836 1485
1836 1618
1836 1769
1836 1852
1846 1312
1846 1369
1846 1405
1846 1458
1846 1485
1846 1513
1846 1590
1846 1817
1846 1883
1847 1109
1847 1226
1847 1360
1847 1553
1847 1555
1847 1567
1847 1588
1847 1719
1847 1803
1847 1866
1852 951
1852 1196
1852 1327
1852 1369
1852 1440
1852 1458
1852 1513
1852 1523
1852 1656
1852 1836
1852 1863
1863 1077
1863 1440
1863 1458
1863 1523
1863 1590
1863 1626
1863 1702
1863 1817
1863 1852
1863 1883
1863 1909
1863 1911
1866 908
1866 1077
1866 1088
1866 1136
1866 1165
1866 1178
1866 1187
1866 1274
1866 1307
1866 1360
1866 1410
1866 1421
1866 1511
1866 1518
1866 1555
1866 1567
1866 1588
1866 1593
1866 1687
1866 1705
1866 1803
1866 1806
1866 1847
1883 1171
1883 1312
1883 1405
1883 1419
1883 1440
1883 1513
1883 1590
1883 1626
1883 1846
1883 1863
1909 1327
1909 1419
1909 1440
1909 1540
1909 1626
1909 1697
1909 1702
1909 1780
1909 1782
1909 1817
1909 1863
1909 1911
1911 1077
1911 1327
1911 1419
1911 1440
1911 1523
1911 1626
1911 1702
1911 1817
1911 1863
1911 1909
