5 87
5 156
5 213
53 191
53 213
53 299
58 107
58 2885
66 308
66 334
87 5
87 213
87 246
87 308
103 323
107 58
107 629
107 649
107 651
107 922
107 938
107 939
107 968
107 977
107 994
107 1003
107 1004
107 1011
107 1024
107 1038
107 1043
107 1055
107 1062
107 1068
107 1075
107 1084
107 1090
107 1094
107 1102
107 1105
107 1115
107 1125
107 1128
107 1129
107 1131
107 1135
107 1142
107 1144
107 1145
107 1158
107 1159
107 1162
107 1169
107 1189
107 1194
107 1195
107 1211
107 1239
107 1245
107 1246
107 1288
107 1293
107 1302
107 1306
107 1307
107 1320
107 1344
107 1352
107 1375
107 1394
107 1419
107 1433
107 1439
107 1454
107 1455
107 1458
107 1489
107 1497
107 1508
107 1537
107 1541
107 1544
107 1550
107 1555
107 1569
107 1581
107 1592
107 1616
107 1617
107 1618
107 1620
107 1624
107 1625
107 1626
107 1640
107 1648
107 1686
107 1694
107 1700
107 1701
107 1704
107 1705
107 1714
107 1722
107 1729
107 1741
107 1755
107 1778
107 1781
107 1795
107 1802
107 1815
107 1829
107 1831
107 1834
107 1842
107 1848
107 1855
107 1872
107 1876
107 1886
107 1890
107 1901
128 186
128 213
128 334
156 5
186 128
186 213
186 277
186 323
191 53
213 5
213 53
213 87
213 128
213 186
213 246
213 277
213 308
246 87
246 213
246 308
261 268
268 261
274 323
277 186
277 213
277 308
277 323
277 334
299 53
308 66
308 87
308 213
308 246
308 277
308 323
308 334
323 103
323 186
323 274
323 277
323 308
334 66
334 128
334 277
334 308
2885 58
629 107
629 630
649 107
649 1694
651 107
651 1011
651 1169
651 1320
651 1778
922 107
922 1458
922 1626
938 107
938 1648
939 107
939 1497
939 1829
939 1831
968 107
968 1062
977 107
977 1011
977 1131
977 1169
977 1189
977 1306
977 1624
977 1815
977 1831
994 107
994 1159
994 1569
1003 107
1003 1004
1003 1075
1003 1293
1003 1352
1003 1618
1003 1741
1003 1795
1004 107
1004 1003
1004 1128
1004 1211
1004 1302
1004 1344
1004 1352
1004 1375
1004 1617
1004 1620
1004 1714
1004 1741
1004 1795
1004 1842
1004 1886
1011 107
1011 651
1011 977
1011 1131
1011 1169
1011 1189
1011 1541
1011 1624
1011 1815
1024 107
1024 1125
1024 1211
1024 1288
1024 1302
1024 1352
1024 1458
1024 1617
1024 1714
1024 1886
1038 107
1043 107
1055 107
1055 1544
1062 107
1062 968
1062 1876
1068 107
1068 1211
1068 1620
1075 107
1075 1003
1075 1128
1075 1344
1075 1352
1075 1620
1075 1795
1084 107
1084 1458
1084 1620
1084 1722
1090 107
1090 1131
1094 107
1094 1831
1102 107
1102 1245
1102 1454
1102 1508
1102 1729
1102 1848
1105 107
1105 1890
1115 107
1115 1550
1115 1872
1125 107
1125 1024
1125 1211
1125 1288
1125 1302
1125 1352
1125 1620
1125 1714
1125 1795
1125 1842
1125 1886
1128 107
1128 1004
1128 1075
1128 1135
1128 1211
1128 1302
1128 1344
1128 1352
1128 1620
1128 1714
1128 1886
1129 107
1129 1158
1129 1550
1129 1592
1129 1872
1131 107
1131 977
1131 1011
1131 1090
1131 1169
1131 1306
1131 1686
1131 1815
1131 1831
1135 107
1135 1128
1135 1352
1135 1497
1135 1620
1135 1714
1142 107
1142 1616
1142 1625
1144 107
1144 1307
1144 1555
1144 1705
1145 107
1158 107
1158 1129
1158 1454
1158 1550
1158 1729
1158 1872
1159 107
1159 994
1159 1246
1159 1306
1159 1569
1159 1686
1159 1781
1159 1876
1162 107
1162 1831
1162 1901
1169 107
1169 651
1169 977
1169 1011
1169 1131
1169 1306
1169 1624
1169 1831
1189 107
1189 977
1189 1011
1189 1541
1189 1831
1194 107
1195 107
1195 1352
1195 1741
1211 107
1211 1004
1211 1024
1211 1068
1211 1125
1211 1128
1211 1293
1211 1302
1211 1352
1211 1439
1211 1458
1211 1617
1211 1620
1211 1714
1211 1741
1211 1842
1211 1886
1239 107
1245 107
1245 1102
1245 1454
1245 1508
1245 1848
1246 107
1246 1159
1246 1569
1246 1781
1246 1872
1288 107
1288 1024
1288 1125
1288 1352
1288 1714
1288 1741
1288 1842
1293 107
1293 1003
1293 1211
1293 1352
1293 1617
1293 1714
1302 107
1302 1004
1302 1024
1302 1125
1302 1128
1302 1211
1302 1352
1302 1617
1302 1714
1302 1886
1306 107
1306 977
1306 1131
1306 1159
1306 1169
1306 1624
1307 107
1307 1144
1307 1433
1307 1555
1307 1705
1320 107
1320 651
1320 1616
1320 1625
1320 1694
1320 1778
1344 107
1344 1004
1344 1075
1344 1128
1344 1352
1344 1375
1344 1620
1344 1714
1344 1795
1352 107
1352 1003
1352 1004
1352 1024
1352 1075
1352 1125
1352 1128
1352 1135
1352 1195
1352 1211
1352 1288
1352 1293
1352 1302
1352 1344
1352 1375
1352 1439
1352 1617
1352 1620
1352 1714
1352 1741
1352 1795
1352 1842
1352 1886
1375 107
1375 1004
1375 1344
1375 1352
1375 1617
1375 1620
1375 1714
1375 1795
1375 1886
1394 107
1419 107
1419 2813
1419 3034
1433 107
1433 1307
1433 1705
1439 107
1439 1211
1439 1352
1454 107
1454 1102
1454 1158
1454 1245
1454 1704
1454 1729
1455 107
1458 107
1458 922
1458 1024
1458 1084
1458 1211
1489 107
1489 1704
1489 1729
1497 107
1497 939
1497 1135
1497 1620
1497 1831
1508 107
1508 1102
1508 1245
1508 1729
1508 1848
1537 107
1541 107
1541 1011
1541 1189
1541 1624
1544 107
1544 1055
1550 107
1550 1115
1550 1129
1550 1158
1555 107
1555 1144
1555 1307
1555 1705
1569 107
1569 994
1569 1159
1569 1246
1569 1781
1569 1872
1581 107
1592 107
1592 1129
1592 1872
1616 107
1616 1142
1616 1320
1616 1694
1617 107
1617 1004
1617 1024
1617 1211
1617 1293
1617 1302
1617 1352
1617 1375
1617 1700
1617 1714
1617 1741
1617 1886
1618 107
1618 1003
1620 107
1620 1004
1620 1068
1620 1075
1620 1084
1620 1125
1620 1128
1620 1135
1620 1211
1620 1344
1620 1352
1620 1375
1620 1497
1624 107
1624 977
1624 1011
1624 1169
1624 1306
1624 1541
1625 107
1625 1142
1625 1320
1626 107
1626 922
1640 107
1648 107
1648 938
1686 107
1686 1131
1686 1159
1686 1704
1686 1876
1694 107
1694 649
1694 1320
1694 1616
1694 1831
1700 107
1700 1617
1701 107
1704 107
1704 1454
1704 1489
1704 1686
1704 1729
1705 107
1705 1144
1705 1307
1705 1433
1705 1555
1714 107
1714 1004
1714 1024
1714 1125
1714 1128
1714 1135
1714 1211
1714 1288
1714 1293
1714 1302
1714 1344
1714 1352
1714 1375
1714 1617
1714 1722
1714 1741
1714 1795
1714 1886
1722 107
1722 1084
1722 1714
1722 1741
1729 107
1729 1102
1729 1158
1729 1454
1729 1489
1729 1508
1729 1704
1729 1848
1741 107
1741 1003
1741 1004
1741 1195
1741 1211
1741 1288
1741 1352
1741 1617
1741 1714
1741 1722
1741 1886
1755 107
1778 107
1778 651
1778 1320
1781 107
1781 1159
1781 1246
1781 1569
1795 107
1795 1003
1795 1004
1795 1075
1795 1125
1795 1344
1795 1352
1795 1375
1795 1714
1802 107
1815 107
1815 977
1815 1011
1815 1131
1829 107
1829 939
1829 1831
1831 107
1831 939
1831 977
1831 1094
1831 1131
1831 1162
1831 1169
1831 1189
1831 1497
1831 1694
1831 1829
1831 1901
1834 107
1842 107
1842 1004
1842 1125
1842 1211
1842 1288
1842 1352
1848 107
1848 1102
1848 1245
1848 1508
1848 1729
1855 107
1872 107
1872 1115
1872 1129
1872 1158
1872 1246
1872 1569
1872 1592
1876 107
1876 1062
1876 1159
1876 1686
1886 107
1886 1004
1886 1024
1886 1125
1886 1128
1886 1211
1886 1302
1886 1352
1886 1375
1886 1617
1886 1714
1886 1741
1890 107
1890 1105
1901 107
1901 1162
1901 1831
1976 1931
1976 2000
1976 2022
2038 1987
2038 2047
2038 2111
2038 2189
2038 2199
2038 2241
2038 2325
2038 2416
2038 2451
2038 2508
2038 2543
2038 2610
2038 2653
2111 1987
2111 2038
2111 2047
2111 2189
2111 2199
2111 2241
2111 2292
2111 2325
2111 2333
2111 2377
2111 2385
2111 2451
2111 2475
2111 2508
2111 2543
2111 2653
2189 1985
2189 2038
2189 2047
2189 2111
2189 2241
2189 2266
2189 2292
2189 2393
2189 2451
2189 2508
2189 2542
2189 2543
2189 2653
2199 1987
2199 2038
2199 2047
2199 2111
2199 2241
2199 2252
2199 2292
2199 2325
2199 2333
2199 2377
2199 2385
2199 2451
2199 2475
2199 2508
2199 2543
2199 2653
2225 1914
2225 1931
2225 2022
2292 1985
2292 2047
2292 2111
2292 2189
2292 2199
2292 2208
2292 2241
2292 2266
2292 2333
2292 2377
2292 2385
2292 2451
2292 2508
2292 2543
2292 2581
2292 2653
2451 1985
2451 2038
2451 2111
2451 2189
2451 2199
2451 2241
2451 2292
2451 2333
2451 2377
2451 2508
2451 2543
2451 2653
2475 2047
2475 2111
2475 2199
2475 2241
2475 2325
2475 2333
2475 2377
2475 2508
2508 2038
2508 2047
2508 2111
2508 2189
2508 2199
2508 2241
2508 2292
2508 2333
2508 2451
2508 2475
2508 2543
2543 1985
2543 2033
2543 2038
2543 2040
2543 2047
2543 2073
2543 2086
2543 2111
2543 2123
2543 2131
2543 2188
2543 2189
2543 2199
2543 2218
2543 2241
2543 2244
2543 2266
2543 2292
2543 2324
2543 2333
2543 2381
2543 2385
2543 2451
2543 2464
2543 2508
2543 2542
2543 2575
2653 2038
2653 2047
2653 2111
2653 2189
2653 2199
2653 2292
2653 2333
2653 2451
361 405
361 474
361 519
361 557
394 512
394 542
394 556
404 440
404 512
404 542
404 545
404 556
404 560
405 361
440 404
474 361
474 557
512 394
512 404
512 545
512 556
512 560
519 361
519 557
540 560
542 394
542 404
542 556
542 560
545 404
545 512
556 394
556 404
556 512
556 542
557 361
557 474
557 519
560 404
560 512
560 540
560 542
630 605
630 629
630 653
588 653
599 640
599 662
599 681
605 630
605 653
640 599
640 662
640 681
653 588
653 605
653 630
662 599
662 640
662 681
681 599
681 640
681 662
703 719
703 758
703 781
703 793
703 843
703 880
719 703
719 752
719 768
719 781
719 800
736 746
736 816
736 833
746 736
746 816
746 833
752 719
752 781
752 800
758 703
758 781
758 793
758 836
768 719
768 816
768 833
777 780
780 777
780 803
781 703
781 719
781 752
781 758
781 793
781 800
781 836
785 846
793 703
793 758
793 781
793 836
800 719
800 752
800 781
803 780
803 832
803 837
803 880
816 736
816 746
816 768
816 833
821 836
832 803
833 736
833 746
833 768
833 816
836 758
836 781
836 793
836 821
837 803
843 703
846 785
864 884
880 703
880 803
884 864
3501 3756
3501 3760
3501 3851
3501 3873
3756 3501
3756 3576
3756 3693
3756 3851
3851 3501
3851 3693
3851 3756
3851 3873
3851 3966
2752 2734
2752 2962
2962 2752
2962 3001
3001 2682
3001 2870
3001 2962
3001 2964
3366 2682
3366 3034
3366 3068
3366 3203
3366 3327
2813 1419
2813 2768
3034 1419
3034 2768
3034 3287
3034 3327
3034 3366
3179 2797
3179 2823
3179 2833
3179 2875
3179 2970
3179 3201
2047 1985
2047 1987
2047 2038
2047 2049
2047 2085
2047 2111
2047 2189
2047 2199
2047 2208
2047 2241
2047 2248
2047 2292
2047 2325
2047 2333
2047 2385
2047 2416
2047 2475
2047 2508
2047 2543
2047 2581
2047 2610
2047 2653
2266 1985
2266 2033
2266 2040
2266 2044
2266 2073
2266 2086
2266 2123
2266 2131
2266 2188
2266 2189
2266 2218
2266 2244
2266 2292
2266 2324
2266 2381
2266 2393
2266 2464
2266 2539
2266 2542
2266 2543
2266 2554
2266 2575
2333 1985
2333 2047
2333 2111
2333 2199
2333 2208
2333 2241
2333 2252
2333 2292
2333 2377
2333 2451
2333 2475
2333 2508
2333 2543
2333 2653
2385 1987
2385 2047
2385 2111
2385 2199
2385 2208
2385 2292
2385 2543
2542 1985
2542 2073
2542 2086
2542 2123
2542 2131
2542 2188
2542 2189
2542 2218
2542 2244
2542 2266
2542 2324
2542 2381
2542 2393
2542 2464
2542 2539
2542 2543
2542 2575
2734 2752
2734 3186
2734 3287
2964 3001
2241 2038
2241 2047
2241 2111
2241 2189
2241 2199
2241 2292
2241 2333
2241 2377
2241 2451
2241 2475
2241 2508
2241 2543
2377 2111
2377 2199
2377 2241
2377 2292
2377 2333
2377 2451
2377 2475
3201 2720
3201 2765
3201 2833
3201 2970
3201 3146
3201 3179
3201 3252
3186 2734
3186 2870
2665 2791
2665 3327
2681 2916
2681 2945
2681 3090
2681 3363
2681 3387
2682 2737
2682 3001
2682 3068
2682 3366
2694 2916
2694 2946
2694 3000
2694 3033
2694 3090
2694 3250
2694 3363
2694 3384
2694 3387
2700 2791
2720 3201
2737 2682
2747 2865
2765 2970
2765 3146
2765 3201
2765 3252
2768 2813
2768 2865
2768 3034
2768 3287
2791 2665
2791 2700
2791 2876
2791 2950
2797 2823
2797 3179
2823 2797
2823 2875
2823 3179
2823 3287
2833 2875
2833 3146
2833 3179
2833 3201
2833 3288
2851 3090
2851 3139
2854 3234
2854 3303
2854 3363
2865 2747
2865 2768
2870 3001
2870 3186
2873 3000
2873 3033
2873 3090
2873 3384
2873 3387
2875 2823
2875 2833
2875 3179
2875 3287
2875 3327
2876 2791
2879 2982
2879 3008
2916 2681
2916 2694
2916 2945
2916 2946
2916 3033
2916 3090
2916 3250
2916 3363
2916 3387
2945 2681
2945 2916
2945 3000
2945 3090
2945 3363
2946 2694
2946 2916
2946 3000
2946 3033
2946 3363
2946 3387
2950 2791
2970 2765
2970 3146
2970 3179
2970 3201
2970 3252
2982 2879
2982 3008
3000 2694
3000 2873
3000 2945
3000 2946
3000 3090
3000 3363
3000 3387
3008 2879
3008 2982
3033 2694
3033 2873
3033 2916
3033 2946
3033 3250
3033 3363
3033 3387
3039 3287
3068 2682
3068 3366
3090 2681
3090 2694
3090 2851
3090 2873
3090 2916
3090 2945
3090 3000
3090 3139
3090 3250
3090 3303
3090 3363
3090 3384
3090 3387
3092 3303
3139 2851
3139 3090
3146 2765
3146 2833
3146 2970
3146 3201
3146 3252
3146 3288
3155 3368
3203 3366
3234 2854
3234 3315
3250 2694
3250 2916
3250 3033
3250 3090
3250 3363
3250 3387
3252 2765
3252 2970
3252 3146
3252 3201
3287 2734
3287 2768
3287 2823
3287 2875
3287 3034
3287 3039
3288 2833
3288 3146
3292 3341
3303 2854
3303 3090
3303 3092
3303 3315
3315 3234
3315 3303
3327 2665
3327 2875
3327 3034
3327 3366
3341 3292
3363 2681
3363 2694
3363 2854
3363 2916
3363 2945
3363 2946
3363 3000
3363 3033
3363 3090
3363 3250
3363 3387
3368 3155
3384 2694
3384 2873
3384 3090
3384 3387
3387 2681
3387 2694
3387 2873
3387 2916
3387 2946
3387 3000
3387 3033
3387 3090
3387 3250
3387 3363
3387 3384
2325 2038
2325 2047
2325 2111
2325 2199
2325 2416
2325 2475
1914 1931
1914 2000
1914 2022
1914 2225
1931 1914
1931 1976
1931 2022
1931 2225
1985 2033
1985 2040
1985 2047
1985 2073
1985 2086
1985 2123
1985 2131
1985 2188
1985 2189
1985 2208
1985 2218
1985 2244
1985 2266
1985 2292
1985 2324
1985 2333
1985 2381
1985 2393
1985 2451
1985 2464
1985 2524
1985 2539
1985 2542
1985 2543
1985 2575
1987 2038
1987 2047
1987 2111
1987 2199
1987 2385
1987 2581
2000 1914
2000 1976
2000 2022
2022 1914
2022 1931
2022 1976
2022 2000
2022 2225
2033 1985
2033 2073
2033 2086
2033 2123
2033 2131
2033 2188
2033 2218
2033 2244
2033 2266
2033 2324
2033 2381
2033 2464
2033 2539
2033 2543
2033 2554
2040 1985
2040 2073
2040 2123
2040 2131
2040 2208
2040 2218
2040 2244
2040 2266
2040 2324
2040 2464
2040 2543
2040 2575
2044 2266
2049 2047
2049 2248
2049 2570
2073 1985
2073 2033
2073 2040
2073 2086
2073 2123
2073 2131
2073 2188
2073 2218
2073 2244
2073 2266
2073 2324
2073 2381
2073 2464
2073 2524
2073 2542
2073 2543
2073 2554
2073 2575
2085 2047
2085 2581
2085 2610
2086 1985
2086 2033
2086 2073
2086 2123
2086 2131
2086 2188
2086 2218
2086 2244
2086 2266
2086 2324
2086 2381
2086 2464
2086 2539
2086 2542
2086 2543
2086 2575
2123 1985
2123 2033
2123 2040
2123 2073
2123 2086
2123 2131
2123 2188
2123 2218
2123 2244
2123 2266
2123 2324
2123 2381
2123 2464
2123 2539
2123 2542
2123 2543
2123 2554
2123 2575
2131 1985
2131 2033
2131 2040
2131 2073
2131 2086
2131 2123
2131 2188
2131 2218
2131 2244
2131 2266
2131 2324
2131 2381
2131 2464
2131 2539
2131 2542
2131 2543
2131 2554
2131 2575
2188 1985
2188 2033
2188 2073
2188 2086
2188 2123
2188 2131
2188 2218
2188 2244
2188 2266
2188 2324
2188 2381
2188 2464
2188 2539
2188 2542
2188 2543
2188 2554
2188 2575
2208 1985
2208 2040
2208 2047
2208 2292
2208 2324
2208 2333
2208 2385
2218 1985
2218 2033
2218 2040
2218 2073
2218 2086
2218 2123
2218 2131
2218 2188
2218 2244
2218 2266
2218 2324
2218 2381
2218 2464
2218 2539
2218 2542
2218 2543
2218 2554
2218 2575
2244 1985
2244 2033
2244 2040
2244 2073
2244 2086
2244 2123
2244 2131
2244 2188
2244 2218
2244 2266
2244 2324
2244 2381
2244 2464
2244 2539
2244 2542
2244 2543
2244 2554
2244 2575
2248 2047
2248 2049
2252 2199
2252 2333
2324 1985
2324 2033
2324 2040
2324 2073
2324 2086
2324 2123
2324 2131
2324 2188
2324 2208
2324 2218
2324 2244
2324 2266
2324 2381
2324 2464
2324 2539
2324 2542
2324 2543
2324 2575
2324 2581
2381 1985
2381 2033
2381 2073
2381 2086
2381 2123
2381 2131
2381 2188
2381 2218
2381 2244
2381 2266
2381 2324
2381 2464
2381 2539
2381 2542
2381 2543
2381 2554
2393 1985
2393 2189
2393 2266
2393 2542
2412 2570
2416 2038
2416 2047
2416 2325
2416 2610
2464 1985
2464 2033
2464 2040
2464 2073
2464 2086
2464 2123
2464 2131
2464 2188
2464 2218
2464 2244
2464 2266
2464 2324
2464 2381
2464 2539
2464 2542
2464 2543
2464 2554
2464 2575
2524 1985
2524 2073
2539 1985
2539 2033
2539 2086
2539 2123
2539 2131
2539 2188
2539 2218
2539 2244
2539 2266
2539 2324
2539 2381
2539 2464
2539 2542
2539 2554
2539 2575
2554 2033
2554 2073
2554 2123
2554 2131
2554 2188
2554 2218
2554 2244
2554 2266
2554 2381
2554 2464
2554 2539
2570 2049
2570 2412
2575 1985
2575 2040
2575 2073
2575 2086
2575 2123
2575 2131
2575 2188
2575 2218
2575 2244
2575 2266
2575 2324
2575 2464
2575 2539
2575 2542
2575 2543
2581 1987
2581 2047
2581 2085
2581 2292
2581 2324
2581 2610
2610 2038
2610 2047
2610 2085
2610 2416
2610 2581
3442 3644
3442 3678
3442 3977
3444 3849
3450 3804
3503 3576
3503 3804
3512 3760
3512 3873
3520 3667
3524 3601
3524 3602
3524 3770
3524 3866
3562 3898
3576 3503
3576 3756
3576 3966
3600 3612
3601 3524
3601 3823
3601 3866
3602 3524
3602 3738
3602 3770
3602 3972
3612 3600
3612 3893
3627 3804
3641 3696
3641 3920
3644 3442
3644 3747
3667 3520
3667 3852
3667 3873
3678 3442
3693 3756
3693 3851
3696 3641
3696 3747
3696 3920
3738 3602
3738 3859
3738 3972
3747 3644
3747 3696
3747 3920
3760 3501
3760 3512
3762 3804
3762 3934
3770 3524
3770 3602
3793 3803
3793 3822
3793 3826
3793 3866
3803 3793
3804 3450
3804 3503
3804 3627
3804 3762
3822 3793
3822 3826
3823 3601
3826 3793
3826 3822
3849 3444
3852 3667
3852 3873
3852 3966
3859 3738
3866 3524
3866 3601
3866 3793
3873 3501
3873 3512
3873 3667
3873 3851
3873 3852
3873 3966
3875 3887
3887 3875
3893 3612
3898 3562
3920 3641
3920 3696
3920 3747
3934 3762
3966 3576
3966 3851
3966 3852
3966 3873
3972 3602
3972 3738
3977 3442
