23 51
51 23
56 109
56 132
56 223
56 332
57 80
80 57
80 101
80 300
90 179
101 80
109 56
109 332
111 312
132 56
146 339
162 312
179 90
223 56
262 312
300 80
312 111
312 162
312 262
332 56
332 109
339 146
363 412
363 417
363 419
363 483
363 492
363 561
363 1536
363 1645
363 1740
483 363
483 395
483 412
483 416
483 417
483 419
483 431
483 492
483 494
483 535
483 537
483 561
483 604
483 614
483 933
483 942
483 948
483 1104
483 1281
483 1300
483 1309
483 1324
483 1373
483 1397
483 1429
483 1536
483 1645
483 1720
483 1740
483 1763
483 1773
483 1828
908 1421
916 925
916 1214
916 1222
916 1376
916 1390
916 1471
916 1557
916 1589
916 1610
916 1614
916 1621
916 1800
916 1900
925 916
925 1054
925 1146
925 1214
925 1222
925 1376
925 1390
925 1471
925 1557
925 1589
925 1600
925 1610
925 1614
925 1621
925 1639
925 1653
925 1800
933 483
933 942
933 971
942 483
942 933
942 971
942 1309
942 1324
942 1373
942 1828
948 483
948 1763
948 1773
971 933
971 942
971 1429
974 1236
990 1450
990 1666
990 1678
1015 1104
1029 1165
1029 1214
1029 1220
1029 1222
1029 1553
1029 1557
1029 1600
1029 1898
1035 1221
1035 1496
1050 1779
1050 1905
1051 1188
1051 1236
1051 1481
1051 1496
1051 1536
1054 925
1054 1376
1054 1390
1054 1557
1054 1600
1054 1800
1085 1165
1085 1317
1085 1410
1085 1421
1085 1553
1085 3440
1085 3561
1085 3877
1104 483
1104 1015
1104 1221
1104 1350
1104 1373
1104 1426
1104 1429
1104 1635
1104 1720
1104 1873
1133 1471
1137 1216
1137 1568
1137 1798
1137 1892
1140 1317
1140 1450
1140 1666
1146 925
1146 1165
1146 1214
1146 1222
1146 1376
1146 1390
1146 1467
1146 1471
1146 1557
1146 1589
1146 1600
1146 1610
1146 1614
1146 1621
1146 1653
1146 1800
1146 1898
1165 1029
1165 1085
1165 1146
1165 1317
1165 1421
1188 1051
1188 1236
1188 1299
1188 1536
1188 1634
1212 1443
1213 1496
1213 1869
1214 916
1214 925
1214 1029
1214 1146
1214 1222
1214 1376
1214 1437
1214 1471
1214 1553
1214 1589
1214 1600
1216 1137
1216 1568
1216 1798
1220 1029
1221 1035
1221 1104
1221 1350
1221 1635
1221 1873
1221 1904
1222 916
1222 925
1222 1029
1222 1146
1222 1214
1222 1437
1222 1471
1222 1557
1222 1589
1222 1610
1222 1621
1222 1678
1222 1800
1226 1496
1226 1536
1236 974
1236 1051
1236 1188
1236 1299
1236 1536
1236 1634
1236 1869
1236 1906
1281 483
1281 1309
1281 1373
1281 1429
1281 1720
1281 1828
1299 1188
1299 1236
1299 1536
1299 1634
1300 483
1300 1645
1300 1740
1309 483
1309 942
1309 1281
1309 1373
1309 1720
1317 1085
1317 1140
1317 1165
1324 483
1324 942
1350 1104
1350 1221
1350 1635
1373 483
1373 942
1373 1104
1373 1281
1373 1309
1373 1481
1373 1828
1373 1873
1376 916
1376 925
1376 1054
1376 1146
1376 1214
1376 1390
1376 1467
1376 1471
1376 1557
1376 1589
1376 1600
1376 1610
1376 1621
1376 1639
1376 1653
1376 1800
1376 1851
1390 916
1390 925
1390 1054
1390 1146
1390 1376
1390 1467
1390 1471
1390 1557
1390 1589
1390 1600
1390 1610
1390 1621
1390 1653
1390 1800
1397 483
1397 1536
1410 1085
1410 1421
1410 1676
1411 1450
1411 1589
1421 908
1421 1085
1421 1165
1421 1410
1426 1104
1426 1720
1426 1873
1429 483
1429 971
1429 1104
1429 1281
1429 1828
1437 1214
1437 1222
1437 1594
1443 1212
1450 990
1450 1140
1450 1411
1450 1666
1450 1678
1467 1146
1467 1376
1467 1390
1467 1589
1467 1614
1467 1621
1467 1639
1467 1800
1467 1851
1471 916
1471 925
1471 1133
1471 1146
1471 1214
1471 1222
1471 1376
1471 1390
1471 1589
1471 1600
1471 1610
1471 1614
1471 1621
1471 1800
1471 1832
1471 1898
1481 1051
1481 1373
1481 1828
1496 1035
1496 1051
1496 1213
1496 1226
1496 1536
1496 1904
1536 363
1536 483
1536 1051
1536 1188
1536 1226
1536 1236
1536 1299
1536 1397
1536 1496
1536 1634
1536 1906
1553 1029
1553 1085
1553 1214
1557 916
1557 925
1557 1029
1557 1054
1557 1146
1557 1222
1557 1376
1557 1390
1557 1589
1557 1600
1557 1614
1557 1621
1557 1653
1557 1800
1568 1137
1568 1216
1568 1798
1589 916
1589 925
1589 1146
1589 1214
1589 1222
1589 1376
1589 1390
1589 1411
1589 1467
1589 1471
1589 1557
1589 1610
1589 1614
1589 1621
1589 1639
1589 1800
1594 1437
1594 1851
1600 925
1600 1029
1600 1054
1600 1146
1600 1214
1600 1376
1600 1390
1600 1471
1600 1557
1600 1610
1600 1621
1600 1653
1600 1800
1610 916
1610 925
1610 1146
1610 1222
1610 1376
1610 1390
1610 1471
1610 1589
1610 1600
1610 1621
1610 1639
1610 1653
1610 1800
1610 1832
1610 1898
1614 916
1614 925
1614 1146
1614 1467
1614 1471
1614 1557
1614 1589
1614 1621
1614 1800
1614 1851
1621 916
1621 925
1621 1146
1621 1222
1621 1376
1621 1390
1621 1467
1621 1471
1621 1557
1621 1589
1621 1600
1621 1610
1621 1614
1621 1800
1634 1188
1634 1236
1634 1299
1634 1536
1634 1906
1635 1104
1635 1221
1635 1350
1639 925
1639 1376
1639 1467
1639 1589
1639 1610
1639 1779
1639 1851
1645 363
1645 483
1645 1300
1645 1740
1645 1763
1653 925
1653 1146
1653 1376
1653 1390
1653 1557
1653 1600
1653 1610
1653 1800
1666 990
1666 1140
1666 1450
1666 2869
1666 3020
1676 1410
1678 990
1678 1222
1678 1450
1720 483
1720 1104
1720 1281
1720 1309
1720 1426
1740 363
1740 483
1740 1300
1740 1645
1763 483
1763 948
1763 1645
1763 1773
1773 483
1773 948
1773 1763
1779 1050
1779 1639
1779 1851
1779 1905
1798 1137
1798 1216
1798 1568
1800 916
1800 925
1800 1054
1800 1146
1800 1222
1800 1376
1800 1390
1800 1467
1800 1471
1800 1557
1800 1589
1800 1600
1800 1610
1800 1614
1800 1621
1800 1653
1800 1898
1828 483
1828 942
1828 1281
1828 1373
1828 1429
1828 1481
1832 1471
1832 1610
1832 1898
1851 1376
1851 1467
1851 1594
1851 1614
1851 1639
1851 1779
1869 1213
1869 1236
1869 1904
1873 1104
1873 1221
1873 1373
1873 1426
1892 1137
1898 1029
1898 1146
1898 1471
1898 1610
1898 1800
1898 1832
1900 916
1904 1221
1904 1496
1904 1869
1904 1906
1905 1050
1905 1779
1906 1236
1906 1536
1906 1634
1906 1904
1973 2009
1973 2016
1973 2319
1973 2364
1973 2583
2009 1973
2009 2013
2009 2571
2009 2583
2081 2028
2081 2052
2081 2087
2081 2138
2081 2153
2081 2187
2081 2282
2081 2315
2081 2319
2081 2332
2081 2432
2081 2471
2081 2588
2081 2608
2081 2642
2081 2652
2138 2028
2138 2052
2138 2081
2138 2087
2138 2151
2138 2153
2138 2187
2138 2203
2138 2282
2138 2315
2138 2319
2138 2332
2138 2471
2138 2608
2138 2642
2153 2028
2153 2052
2153 2081
2153 2087
2153 2138
2153 2151
2153 2187
2153 2203
2153 2282
2153 2315
2153 2319
2153 2332
2153 2471
2153 2588
2153 2608
2153 2642
2187 2028
2187 2052
2187 2081
2187 2087
2187 2138
2187 2151
2187 2153
2187 2203
2187 2282
2187 2315
2187 2319
2187 2332
2187 2471
2187 2571
2187 2588
2187 2608
2187 2642
2203 2052
2203 2087
2203 2138
2203 2151
2203 2153
2203 2187
2203 2319
2203 2389
2203 2471
2203 2529
2203 2544
2203 2588
2319 1973
2319 2052
2319 2081
2319 2087
2319 2138
2319 2151
2319 2153
2319 2187
2319 2203
2319 2282
2319 2315
2319 2471
2319 2529
2364 1973
2364 2016
2364 2025
2364 2583
2471 2028
2471 2052
2471 2081
2471 2087
2471 2138
2471 2151
2471 2153
2471 2187
2471 2203
2471 2282
2471 2319
2471 2588
2471 2608
2471 2642
2529 2203
2529 2319
2529 2389
2571 2009
2571 2187
2571 2315
2583 1973
2583 2009
2583 2025
2583 2364
464 552
352 412
352 431
352 492
352 494
354 450
369 380
369 419
369 457
369 551
369 561
380 369
380 457
395 412
395 413
395 417
395 419
395 425
395 431
395 471
395 483
395 537
395 561
395 604
395 614
412 352
412 363
412 395
412 416
412 417
412 418
412 431
412 483
412 492
412 494
412 537
412 561
412 604
412 614
413 395
413 535
416 412
416 417
416 419
416 483
416 494
416 537
417 363
417 395
417 412
417 416
417 431
417 483
417 492
417 537
417 561
418 412
418 568
419 363
419 369
419 395
419 416
419 431
419 471
419 483
419 492
419 537
419 551
419 561
425 395
431 352
431 395
431 412
431 417
431 419
431 471
431 483
431 492
431 537
431 561
431 614
450 354
457 369
457 380
457 551
471 395
471 419
471 431
471 537
471 561
492 352
492 363
492 412
492 417
492 419
492 431
492 483
492 537
492 561
492 604
492 614
494 352
494 412
494 416
494 483
494 537
494 561
535 413
535 483
537 395
537 412
537 416
537 417
537 419
537 431
537 471
537 483
537 492
537 494
537 561
551 369
551 419
551 457
552 464
561 363
561 369
561 395
561 412
561 417
561 419
561 431
561 471
561 483
561 492
561 494
561 537
561 604
568 418
604 395
604 412
604 483
604 492
604 561
614 395
614 412
614 431
614 483
614 492
575 664
664 575
687 817
698 713
698 811
698 840
698 865
698 868
698 879
698 883
698 886
698 889
698 893
712 822
713 698
713 724
713 748
713 762
713 817
713 824
713 840
713 850
724 713
724 786
724 824
748 713
748 817
762 713
771 850
786 724
811 698
817 687
817 713
817 748
817 850
822 712
822 850
824 713
824 724
824 840
840 698
840 713
840 824
850 713
850 771
850 817
850 822
865 698
865 868
868 698
868 865
879 698
883 698
886 698
886 889
889 698
889 886
893 698
3440 1085
3440 3877
3561 1085
3561 3554
3561 3604
3561 3927
3877 1085
3877 3438
3877 3440
3877 3462
3877 3475
2775 2892
2775 3019
2869 1666
2869 2753
2869 2849
2869 2937
2869 3113
2869 3351
2869 3386
2892 2775
2892 3019
2892 3178
2892 3420
3019 2753
3019 2775
3019 2836
3019 2860
3019 2892
3019 3113
3019 3386
3178 2709
3178 2892
3178 3048
3420 2892
3420 3371
2028 2052
2028 2081
2028 2087
2028 2138
2028 2153
2028 2187
2028 2282
2028 2315
2028 2332
2028 2471
2028 2588
2028 2608
2028 2642
2087 2028
2087 2052
2087 2081
2087 2138
2087 2151
2087 2153
2087 2187
2087 2203
2087 2282
2087 2315
2087 2319
2087 2332
2087 2471
2087 2588
2087 2608
2087 2642
2282 2028
2282 2052
2282 2081
2282 2087
2282 2138
2282 2153
2282 2187
2282 2315
2282 2319
2282 2332
2282 2432
2282 2471
2282 2544
2282 2588
2282 2608
2282 2642
2282 2652
2315 2028
2315 2081
2315 2087
2315 2138
2315 2153
2315 2187
2315 2282
2315 2319
2315 2332
2315 2571
2315 2642
2332 2028
2332 2052
2332 2081
2332 2087
2332 2138
2332 2153
2332 2187
2332 2282
2332 2315
2332 2608
2332 2642
2608 2028
2608 2081
2608 2087
2608 2138
2608 2153
2608 2187
2608 2282
2608 2332
2608 2471
2642 2028
2642 2052
2642 2081
2642 2087
2642 2138
2642 2151
2642 2153
2642 2187
2642 2270
2642 2272
2642 2282
2642 2315
2642 2332
2642 2471
2642 2588
3020 1666
3020 2690
3386 2753
3386 2836
3386 2869
3386 3019
3386 3360
2052 2028
2052 2081
2052 2087
2052 2138
2052 2151
2052 2153
2052 2187
2052 2203
2052 2282
2052 2319
2052 2332
2052 2471
2052 2588
2052 2642
2151 2052
2151 2087
2151 2138
2151 2153
2151 2187
2151 2203
2151 2319
2151 2471
2151 2588
2151 2642
2389 2203
2389 2529
2544 2203
2544 2282
2588 2028
2588 2052
2588 2081
2588 2087
2588 2151
2588 2153
2588 2187
2588 2203
2588 2282
2588 2471
2588 2514
2588 2642
2690 2784
2690 2836
2690 3020
2698 2800
2698 2839
2698 2872
2698 2912
2698 2985
2698 3324
2698 3339
2709 3178
2753 2869
2753 2937
2753 3019
2753 3386
2784 2690
2784 3219
2784 3259
2800 2698
2800 2839
2800 2872
2800 2912
2800 2928
2800 3004
2800 3056
2800 3324
2835 2839
2835 3324
2835 3339
2836 2690
2836 3019
2836 3157
2836 3386
2839 2698
2839 2800
2839 2835
2839 2872
2839 2908
2839 2912
2839 2928
2839 2985
2839 3004
2839 3056
2839 3163
2839 3324
2839 3339
2849 2869
2849 3089
2849 3206
2849 3299
2849 3351
2860 3019
2872 2698
2872 2800
2872 2839
2872 2912
2872 2985
2872 3056
2872 3339
2908 2839
2908 3004
2912 2698
2912 2800
2912 2839
2912 2872
2912 2985
2912 3004
2912 3324
2912 3339
2928 2800
2928 2839
2928 2929
2928 2985
2928 3056
2928 3435
2929 2928
2929 3324
2929 3435
2937 2753
2937 2869
2937 3206
2985 2698
2985 2839
2985 2872
2985 2912
2985 2928
2985 3339
2987 3163
3004 2800
3004 2839
3004 2908
3004 2912
3004 3324
3048 3178
3048 3276
3056 2800
3056 2839
3056 2872
3056 2928
3081 3259
3081 3266
3089 2849
3089 3299
3089 3360
3113 2869
3113 3019
3113 3299
3113 3351
3113 3391
3124 3215
3157 2836
3163 2839
3163 2987
3163 3435
3206 2849
3206 2937
3206 3351
3206 3391
3215 3124
3219 2784
3219 3255
3219 3259
3255 3219
3259 2784
3259 3081
3259 3219
3259 3276
3266 3081
3276 3048
3276 3259
3276 3299
3299 2849
3299 3089
3299 3113
3299 3276
3299 3351
3299 3360
3299 3391
3314 3318
3318 3314
3324 2698
3324 2800
3324 2835
3324 2839
3324 2912
3324 2929
3324 3004
3324 3339
3339 2698
3339 2835
3339 2839
3339 2872
3339 2912
3339 2985
3339 3324
3351 2849
3351 2869
3351 3113
3351 3206
3351 3299
3351 3360
3351 3391
3360 3089
3360 3299
3360 3351
3360 3386
3371 3420
3391 3113
3391 3206
3391 3299
3391 3351
3435 2928
3435 2929
3435 3163
1962 1979
1962 2055
1962 2063
1962 2093
1962 2108
1962 2115
1962 2261
1962 2275
1962 2309
1962 2323
1962 2363
1962 2374
1962 2484
1962 2485
1962 2526
1962 2536
1962 2593
1962 2624
1977 2214
1977 2566
1979 1962
1979 2055
1979 2063
1979 2093
1979 2115
1979 2261
1979 2275
1979 2309
1979 2323
1979 2363
1979 2374
1979 2484
1979 2526
1979 2552
1979 2593
1979 2624
1988 2207
1988 2349
1988 2650
1996 2017
2013 2009
2016 1973
2016 2364
2017 1996
2025 2364
2025 2583
2025 2658
2055 1962
2055 1979
2055 2115
2055 2323
2055 2526
2055 2593
2063 1962
2063 1979
2063 2093
2063 2108
2063 2261
2063 2275
2063 2309
2063 2323
2063 2363
2063 2485
2063 2526
2063 2593
2063 2624
2093 1962
2093 1979
2093 2063
2093 2108
2093 2115
2093 2261
2093 2275
2093 2309
2093 2323
2093 2363
2093 2374
2093 2484
2093 2485
2093 2526
2093 2552
2093 2593
2093 2624
2108 1962
2108 2063
2108 2093
2108 2275
2108 2309
2108 2323
2108 2363
2108 2374
2108 2484
2108 2526
2108 2593
2108 2624
2115 1962
2115 1979
2115 2055
2115 2093
2115 2261
2115 2275
2115 2309
2115 2323
2115 2363
2115 2485
2115 2526
2115 2552
2115 2593
2115 2624
2193 2316
2193 2411
2207 1988
2207 2349
2207 2478
2207 2526
2207 2650
2214 1977
2214 2219
2214 2228
2214 2514
2214 2624
2219 2214
2228 2214
2228 2316
2228 2361
2228 2371
2228 2402
2228 2411
2261 1962
2261 1979
2261 2063
2261 2093
2261 2115
2261 2323
2261 2484
2261 2485
2261 2593
2261 2624
2270 2642
2272 2432
2272 2642
2275 1962
2275 1979
2275 2063
2275 2093
2275 2108
2275 2115
2275 2309
2275 2323
2275 2363
2275 2374
2275 2484
2275 2526
2275 2552
2275 2593
2275 2624
2309 1962
2309 1979
2309 2063
2309 2093
2309 2108
2309 2115
2309 2275
2309 2323
2309 2363
2309 2374
2309 2478
2309 2484
2309 2485
2309 2526
2309 2552
2309 2593
2309 2624
2316 2193
2316 2228
2316 2360
2316 2402
2316 2577
2323 1962
2323 1979
2323 2055
2323 2063
2323 2093
2323 2108
2323 2115
2323 2261
2323 2275
2323 2309
2323 2363
2323 2374
2323 2484
2323 2485
2323 2536
2323 2552
2323 2593
2323 2624
2349 1988
2349 2207
2349 2650
2360 2316
2361 2228
2361 2371
2361 2402
2363 1962
2363 1979
2363 2063
2363 2093
2363 2108
2363 2115
2363 2275
2363 2309
2363 2323
2363 2374
2363 2484
2363 2485
2363 2552
2363 2593
2363 2624
2371 2228
2371 2361
2371 2402
2374 1962
2374 1979
2374 2093
2374 2108
2374 2275
2374 2309
2374 2323
2374 2363
2374 2484
2374 2485
2374 2526
2374 2593
2374 2624
2402 2228
2402 2316
2402 2361
2402 2371
2411 2193
2411 2228
2432 2081
2432 2272
2432 2282
2478 2207
2478 2309
2478 2526
2478 2624
2484 1962
2484 1979
2484 2093
2484 2108
2484 2261
2484 2275
2484 2309
2484 2323
2484 2363
2484 2374
2484 2485
2484 2526
2484 2536
2484 2552
2484 2593
2484 2624
2485 1962
2485 2063
2485 2093
2485 2115
2485 2261
2485 2309
2485 2323
2485 2363
2485 2374
2485 2484
2485 2593
2485 2624
2514 2214
2514 2517
2514 2588
2517 2514
2526 1962
2526 1979
2526 2055
2526 2063
2526 2093
2526 2108
2526 2115
2526 2207
2526 2275
2526 2309
2526 2374
2526 2478
2526 2484
2526 2536
2526 2552
2526 2593
2526 2624
2536 1962
2536 2323
2536 2484
2536 2526
2552 1979
2552 2093
2552 2115
2552 2275
2552 2309
2552 2323
2552 2363
2552 2484
2552 2526
2552 2593
2552 2624
2566 1977
2577 2316
2593 1962
2593 1979
2593 2055
2593 2063
2593 2093
2593 2108
2593 2115
2593 2261
2593 2275
2593 2309
2593 2323
2593 2363
2593 2374
2593 2484
2593 2485
2593 2526
2593 2552
2593 2624
2624 1962
2624 1979
2624 2063
2624 2093
2624 2108
2624 2115
2624 2214
2624 2261
2624 2275
2624 2309
2624 2323
2624 2363
2624 2374
2624 2478
2624 2484
2624 2485
2624 2526
2624 2552
2624 2593
2650 1988
2650 2207
2650 2349
2652 2081
2652 2282
2658 2025
3438 3784
3438 3877
3462 3604
3462 3877
3473 3541
3473 3917
3475 3877
3476 3708
3529 3554
3529 3915
3535 3584
3535 3927
3537 3901
3541 3473
3553 3663
3553 3753
3553 3802
3553 3867
3554 3529
3554 3561
3554 3915
3557 3604
3557 3687
3584 3535
3584 3784
3584 3904
3584 3927
3584 3951
3584 3969
3604 3462
3604 3557
3604 3561
3604 3687
3604 3889
3604 3915
3638 3647
3647 3638
3655 3776
3659 3888
3663 3553
3663 3735
3663 3740
3687 3557
3687 3604
3708 3476
3714 3951
3735 3663
3735 3740
3735 3753
3735 3867
3740 3663
3740 3735
3740 3867
3753 3553
3753 3735
3753 3802
3753 3867
3775 3895
3775 3953
3776 3655
3784 3438
3784 3584
3802 3553
3802 3753
3843 3927
3867 3553
3867 3735
3867 3740
3867 3753
3888 3659
3889 3604
3895 3775
3901 3537
3904 3584
3915 3529
3915 3554
3915 3604
3917 3473
3927 3535
3927 3561
3927 3584
3927 3843
3951 3584
3951 3714
3951 3969
3953 3775
3969 3584
3969 3951
