7 65
36 184
40 212
40 272
65 7
65 314
79 272
98 122
98 238
98 272
122 98
122 272
184 36
184 272
189 217
212 40
214 289
217 189
238 98
272 40
272 79
272 98
272 122
272 184
289 214
314 65
1912 1915
1912 1923
1912 1924
1912 1950
1912 1951
1912 1953
1912 1986
1912 2004
1912 2005
1912 2008
1912 2011
1912 2020
1912 2037
1912 2065
1912 2070
1912 2094
1912 2099
1912 2103
1912 2117
1912 2118
1912 2120
1912 2125
1912 2130
1912 2152
1912 2156
1912 2158
1912 2163
1912 2226
1912 2231
1912 2234
1912 2255
1912 2273
1912 2279
1912 2281
1912 2297
1912 2331
1912 2334
1912 2345
1912 2359
1912 2367
1912 2369
1912 2370
1912 2375
1912 2376
1912 2378
1912 2379
1912 2382
1912 2386
1912 2391
1912 2406
1912 2408
1912 2419
1912 2423
1912 2444
1912 2453
1912 2455
1912 2481
1912 2486
1912 2495
1912 2503
1912 2545
1912 2547
1912 2561
1912 2564
1912 2594
1912 2596
1912 2620
1912 2622
1912 2638
1912 2649
353 366
353 388
353 524
353 1358
353 1374
353 1427
353 1487
353 1514
353 1574
353 1882
366 353
366 402
366 434
366 524
366 539
366 548
366 553
366 1358
366 1374
366 1427
366 1514
366 1574
366 1631
366 1801
366 1882
897 1123
897 1409
897 1522
897 1570
903 1468
903 1493
903 1733
903 1837
906 1551
906 1554
906 1570
906 1659
906 1688
906 1689
906 1737
906 1796
906 1804
906 1811
946 993
946 1006
946 1092
946 1123
946 1132
946 1149
946 1153
946 1185
946 1196
946 1272
946 1522
946 1554
946 1570
946 1597
946 1603
946 1619
946 1632
946 1683
946 1689
946 1717
946 1737
946 1804
969 1794
972 1006
972 1809
986 1304
993 946
993 1006
993 1149
993 1185
993 1335
993 1409
993 1522
993 1551
993 1554
993 1597
993 1603
993 1632
993 1659
993 1683
993 1685
993 1688
993 1689
993 1717
993 1796
993 1804
1006 946
1006 972
1006 993
1006 1017
1006 1039
1006 1063
1006 1123
1006 1132
1006 1153
1006 1230
1006 1271
1006 1335
1006 1522
1006 1551
1006 1603
1006 1619
1006 1683
1006 1717
1006 1804
1006 1809
1006 1874
1007 1067
1007 1393
1017 1006
1017 1092
1017 1123
1017 1132
1017 1149
1017 1153
1017 1185
1017 1230
1017 1335
1017 1501
1017 1522
1017 1551
1017 1554
1017 1597
1017 1603
1017 1632
1017 1683
1017 1685
1017 1737
1017 1804
1025 1427
1025 1464
1025 1487
1025 1794
1033 1274
1033 1687
1039 1006
1039 1271
1039 1551
1039 1619
1039 1809
1063 1006
1063 1809
1067 1007
1067 1148
1067 1231
1067 1235
1067 1423
1067 1628
1067 1636
1067 1715
1092 946
1092 1017
1092 1149
1092 1230
1092 1551
1092 1603
1092 1754
1111 1368
1123 897
1123 946
1123 1006
1123 1017
1123 1132
1123 1153
1123 1185
1123 1196
1123 1271
1123 1272
1123 1501
1123 1619
1123 1804
1132 946
1132 1006
1132 1017
1132 1123
1132 1153
1132 1185
1132 1230
1132 1271
1132 1335
1132 1522
1132 1551
1132 1554
1132 1597
1132 1603
1132 1619
1132 1737
1132 1804
1132 1809
1132 1874
1148 1067
1148 1190
1148 1231
1148 1235
1148 1315
1148 1423
1148 1628
1148 1636
1148 1715
1149 946
1149 993
1149 1017
1149 1092
1149 1185
1149 1196
1149 1272
1149 1551
1149 1554
1149 1570
1149 1603
1149 1632
1149 1659
1149 1683
1149 1689
1149 1796
1149 1804
1153 946
1153 1006
1153 1017
1153 1123
1153 1132
1153 1185
1153 1230
1153 1271
1153 1335
1153 1522
1153 1619
1153 1717
1153 1796
1153 1804
1153 1809
1153 1811
1164 1570
1164 1603
1164 1685
1185 946
1185 993
1185 1017
1185 1123
1185 1132
1185 1149
1185 1153
1185 1271
1185 1272
1185 1335
1185 1522
1185 1554
1185 1570
1185 1597
1185 1603
1185 1619
1185 1659
1185 1685
1185 1737
1185 1804
1185 1809
1190 1148
1190 1231
1190 1235
1190 1628
1190 1636
1190 1715
1196 946
1196 1123
1196 1149
1196 1272
1210 1358
1210 1427
1210 1574
1217 1366
1217 1487
1217 1794
1217 1818
1230 1006
1230 1017
1230 1092
1230 1132
1230 1153
1230 1335
1230 1393
1230 1409
1230 1522
1230 1551
1230 1554
1230 1597
1230 1603
1230 1685
1230 1688
1230 1689
1230 1754
1231 1067
1231 1148
1231 1190
1231 1235
1231 1423
1231 1628
1231 1636
1231 1715
1235 1067
1235 1148
1235 1190
1235 1231
1235 1315
1235 1423
1235 1628
1235 1636
1235 1715
1235 1830
1271 1006
1271 1039
1271 1123
1271 1132
1271 1153
1271 1185
1271 1619
1271 1717
1271 1804
1271 1809
1272 946
1272 1123
1272 1149
1272 1185
1272 1196
1272 1551
1272 1554
1272 1603
1272 1685
1272 1804
1274 1033
1274 1687
1304 986
1304 1366
1304 1785
1315 1148
1315 1235
1315 1423
1315 1636
1315 1715
1335 993
1335 1006
1335 1017
1335 1132
1335 1153
1335 1185
1335 1230
1335 1393
1335 1522
1335 1551
1335 1554
1335 1597
1335 1603
1335 1619
1335 1632
1335 1737
1335 1754
1335 1796
1335 1804
1335 1811
1358 353
1358 366
1358 1210
1358 1374
1358 1427
1358 1514
1358 1574
1358 1631
1358 1695
1358 1882
1366 1217
1366 1304
1366 1427
1366 1667
1368 1111
1374 353
1374 366
1374 1358
1374 1487
1374 1574
1393 1007
1393 1230
1393 1335
1393 1409
1393 1522
1393 1551
1393 1688
1393 1754
1409 897
1409 993
1409 1230
1409 1393
1409 1551
1409 1570
1409 1632
1409 1685
1412 1830
1423 1067
1423 1148
1423 1231
1423 1235
1423 1315
1423 1628
1423 1636
1423 1715
1427 353
1427 366
1427 1025
1427 1210
1427 1358
1427 1366
1427 1464
1427 1487
1427 1695
1427 1794
1427 1801
1427 1882
1464 1025
1464 1427
1464 1487
1464 1695
1464 1794
1468 903
1468 1493
1468 1733
1468 1837
1487 353
1487 1025
1487 1217
1487 1374
1487 1427
1487 1464
1487 1574
1487 1794
1493 903
1493 1468
1493 1733
1493 1837
1495 1715
1501 1017
1501 1123
1514 353
1514 366
1514 1358
1514 1574
1514 1602
1514 1801
1514 1882
1522 897
1522 946
1522 993
1522 1006
1522 1017
1522 1132
1522 1153
1522 1185
1522 1230
1522 1335
1522 1393
1522 1551
1522 1554
1522 1570
1522 1603
1522 1632
1522 1659
1522 1683
1522 1685
1522 1688
1522 1689
1522 1804
1534 1687
1534 2883
1534 3265
1551 906
1551 993
1551 1006
1551 1017
1551 1039
1551 1092
1551 1132
1551 1149
1551 1230
1551 1272
1551 1335
1551 1393
1551 1409
1551 1522
1551 1554
1551 1570
1551 1597
1551 1603
1551 1683
1551 1685
1551 1689
1551 1717
1551 1754
1551 1804
1551 1809
1551 1811
1554 906
1554 946
1554 993
1554 1017
1554 1132
1554 1149
1554 1185
1554 1230
1554 1272
1554 1335
1554 1522
1554 1551
1554 1570
1554 1597
1554 1603
1554 1683
1554 1689
1554 1717
1554 1737
1554 1754
1554 1811
1570 897
1570 906
1570 946
1570 1149
1570 1164
1570 1185
1570 1409
1570 1522
1570 1551
1570 1554
1570 1603
1570 1685
1570 1717
1570 1804
1570 1811
1574 353
1574 366
1574 1210
1574 1358
1574 1374
1574 1487
1574 1514
1574 1695
1574 1882
1597 946
1597 993
1597 1017
1597 1132
1597 1185
1597 1230
1597 1335
1597 1551
1597 1554
1597 1603
1597 1632
1597 1659
1597 1683
1597 1688
1597 1689
1597 1737
1597 1804
1602 1514
1602 1695
1602 1882
1603 946
1603 993
1603 1006
1603 1017
1603 1092
1603 1132
1603 1149
1603 1164
1603 1185
1603 1230
1603 1272
1603 1335
1603 1522
1603 1551
1603 1554
1603 1570
1603 1597
1603 1619
1603 1685
1603 1717
1603 1804
1619 946
1619 1006
1619 1039
1619 1123
1619 1132
1619 1153
1619 1185
1619 1271
1619 1335
1619 1603
1619 1632
1619 1683
1619 1796
1619 1804
1619 1809
1628 1067
1628 1148
1628 1190
1628 1231
1628 1235
1628 1423
1628 1636
1628 1715
1631 366
1631 1358
1632 946
1632 993
1632 1017
1632 1149
1632 1335
1632 1409
1632 1522
1632 1597
1632 1619
1632 1683
1632 1689
1632 1717
1632 1796
1632 1818
1636 1067
1636 1148
1636 1190
1636 1231
1636 1235
1636 1315
1636 1423
1636 1628
1636 1715
1659 906
1659 993
1659 1149
1659 1185
1659 1522
1659 1597
1659 1683
1659 1688
1659 1689
1659 1717
1659 1737
1667 1366
1667 1672
1667 1785
1672 1667
1683 946
1683 993
1683 1006
1683 1017
1683 1149
1683 1522
1683 1551
1683 1554
1683 1597
1683 1619
1683 1632
1683 1659
1683 1689
1683 1717
1683 1737
1683 1804
1685 993
1685 1017
1685 1164
1685 1185
1685 1230
1685 1272
1685 1409
1685 1522
1685 1551
1685 1570
1685 1603
1685 1804
1685 1809
1687 1033
1687 1274
1687 1534
1688 906
1688 993
1688 1230
1688 1393
1688 1522
1688 1597
1688 1659
1688 1689
1688 1737
1688 1754
1688 1804
1688 1811
1689 906
1689 946
1689 993
1689 1149
1689 1230
1689 1522
1689 1551
1689 1554
1689 1597
1689 1632
1689 1659
1689 1683
1689 1688
1689 1717
1689 1737
1689 1796
1689 1809
1695 1358
1695 1427
1695 1464
1695 1574
1695 1602
1695 1801
1695 1882
1715 1067
1715 1148
1715 1190
1715 1231
1715 1235
1715 1315
1715 1423
1715 1495
1715 1628
1715 1636
1717 946
1717 993
1717 1006
1717 1153
1717 1271
1717 1551
1717 1554
1717 1570
1717 1603
1717 1632
1717 1659
1717 1683
1717 1689
1717 1737
1717 1804
1717 1811
1733 903
1733 1468
1733 1493
1733 1837
1737 906
1737 946
1737 1017
1737 1132
1737 1185
1737 1335
1737 1554
1737 1597
1737 1659
1737 1683
1737 1688
1737 1689
1737 1717
1737 1796
1754 1092
1754 1230
1754 1335
1754 1393
1754 1551
1754 1554
1754 1688
1785 1304
1785 1667
1794 969
1794 1025
1794 1217
1794 1427
1794 1464
1794 1487
1794 1818
1796 906
1796 993
1796 1149
1796 1153
1796 1335
1796 1619
1796 1632
1796 1689
1796 1737
1796 1804
1801 366
1801 1427
1801 1514
1801 1695
1804 906
1804 946
1804 993
1804 1006
1804 1017
1804 1123
1804 1132
1804 1149
1804 1153
1804 1185
1804 1271
1804 1272
1804 1335
1804 1522
1804 1551
1804 1570
1804 1597
1804 1603
1804 1619
1804 1683
1804 1685
1804 1688
1804 1717
1804 1796
1804 1809
1804 1811
1809 972
1809 1006
1809 1039
1809 1063
1809 1132
1809 1153
1809 1185
1809 1271
1809 1551
1809 1619
1809 1685
1809 1689
1809 1804
1811 906
1811 1153
1811 1335
1811 1551
1811 1554
1811 1570
1811 1688
1811 1717
1811 1804
1818 1217
1818 1632
1818 1794
1830 1235
1830 1412
1837 903
1837 1468
1837 1493
1837 1733
1874 1006
1874 1132
1882 353
1882 366
1882 1358
1882 1427
1882 1514
1882 1574
1882 1602
1882 1695
1951 1912
1951 2004
1951 2011
1951 2297
1951 2378
1951 2620
2004 1912
2004 1950
2004 1951
2004 2378
2004 2620
2117 1912
2117 1923
2117 2226
2117 2273
2117 2279
2117 2345
2117 2367
2117 2419
2117 2594
2279 1912
2279 2117
2279 2125
2279 2345
2279 2649
2378 1912
2378 1951
2378 2004
2378 2297
2547 1912
2649 1912
2649 2125
2649 2163
2649 2273
2649 2279
2649 2419
2649 2594
359 396
359 422
359 470
359 481
359 547
388 353
388 548
396 359
396 422
396 470
396 481
396 547
396 548
402 366
402 422
402 451
402 524
402 553
422 359
422 396
422 402
422 481
422 547
422 553
422 579
434 366
434 478
434 591
451 402
451 553
466 481
466 529
466 539
470 359
470 396
470 547
473 539
478 434
481 359
481 396
481 422
481 466
481 539
481 547
524 353
524 366
524 402
524 553
524 590
524 591
529 466
529 539
539 366
539 466
539 473
539 481
539 529
547 359
547 396
547 422
547 470
547 481
547 548
548 366
548 388
548 396
548 547
553 366
553 402
553 422
553 451
553 524
553 591
591 434
591 524
591 553
591 590
590 524
590 579
590 591
576 615
577 582
577 615
579 422
579 590
579 616
579 622
582 577
582 615
615 576
615 577
615 582
615 628
616 579
616 622
616 660
622 579
622 616
628 615
660 616
3454 3547
3454 3586
728 737
728 820
737 728
737 820
776 874
776 885
804 863
820 728
820 737
863 804
874 776
874 885
885 776
885 874
3586 3449
3586 3454
3586 3674
3586 3692
3586 3839
2883 1534
3674 3449
3674 3514
3674 3544
3674 3586
3674 3610
3674 3625
3674 3692
3674 3847
3692 3449
3692 3586
3692 3625
3692 3674
3943 3449
2065 1912
2125 1912
2125 2163
2125 2273
2125 2279
2125 2419
2125 2594
2125 2649
3265 1534
3265 2674
3265 2770
3265 2863
2163 1912
2163 1923
2163 2125
2163 2649
2273 1912
2273 1923
2273 2117
2273 2125
2273 2419
2273 2649
2419 1912
2419 1923
2419 2117
2419 2125
2419 2226
2419 2273
2419 2649
2594 1912
2594 2117
2594 2125
2594 2345
2594 2367
2594 2379
2594 2649
2663 2978
2674 2770
2674 2863
2674 3017
2674 3051
2674 3145
2674 3265
2674 3344
2711 3077
2716 2845
2716 2859
2716 2863
2716 3017
2716 3051
2716 3077
2716 3106
2716 3352
2755 2906
2755 3040
2755 3166
2755 3226
2755 3284
2766 2794
2770 2674
2770 2863
2770 3265
2794 2766
2806 3237
2824 3077
2845 2716
2845 3051
2859 2716
2863 2674
2863 2716
2863 2770
2863 3051
2863 3145
2863 3151
2863 3265
2863 3344
2906 2755
2906 2915
2906 3040
2906 3226
2906 3284
2915 2906
2915 2931
2915 3042
2915 3226
2931 2915
2931 3042
2933 3028
2978 2663
2981 3042
3017 2674
3017 2716
3017 3051
3017 3145
3017 3377
3028 2933
3040 2755
3040 2906
3040 3226
3040 3284
3042 2915
3042 2931
3042 2981
3042 3237
3051 2674
3051 2716
3051 2845
3051 2863
3051 3017
3051 3106
3051 3145
3051 3344
3077 2711
3077 2716
3077 2824
3106 2716
3106 3051
3106 3344
3145 2674
3145 2863
3145 3017
3145 3051
3145 3377
3151 2863
3166 2755
3218 3354
3226 2755
3226 2906
3226 2915
3226 3040
3226 3284
3237 2806
3237 3042
3237 3284
3284 2755
3284 2906
3284 3040
3284 3226
3284 3237
3344 2674
3344 2863
3344 3051
3344 3106
3352 2716
3354 3218
3377 3017
3377 3145
1915 1912
1915 2156
1915 2455
1923 1912
1923 2117
1923 2163
1923 2226
1923 2273
1923 2406
1923 2419
1924 1912
1924 2622
1950 1912
1950 2004
1953 1912
1953 2005
1953 2020
1953 2103
1953 2118
1953 2331
1953 2369
1953 2370
1953 2386
1953 2408
1953 2423
1953 2564
1953 2638
1986 1912
1986 2037
1986 2103
1986 2118
1986 2331
1986 2334
1986 2359
1986 2369
1986 2370
1986 2376
1986 2391
1986 2408
1986 2423
1986 2495
1986 2564
1986 2638
2005 1912
2005 1953
2005 2020
2005 2037
2005 2118
2005 2331
2005 2334
2005 2359
2005 2369
2005 2370
2005 2376
2005 2386
2005 2408
2005 2423
2005 2495
2005 2564
2005 2638
2008 1912
2008 2152
2008 2455
2011 1912
2011 1951
2020 1912
2020 1953
2020 2005
2020 2037
2020 2103
2020 2118
2020 2331
2020 2334
2020 2369
2020 2370
2020 2376
2020 2391
2020 2423
2020 2495
2020 2561
2020 2564
2020 2638
2037 1912
2037 1986
2037 2005
2037 2020
2037 2103
2037 2118
2037 2234
2037 2359
2037 2369
2037 2370
2037 2408
2037 2423
2037 2561
2037 2564
2070 1912
2070 2156
2094 1912
2094 2281
2099 1912
2103 1912
2103 1953
2103 1986
2103 2020
2103 2037
2103 2118
2103 2331
2103 2334
2103 2359
2103 2369
2103 2370
2103 2376
2103 2386
2103 2408
2103 2423
2103 2561
2103 2564
2103 2638
2118 1912
2118 1953
2118 1986
2118 2005
2118 2020
2118 2037
2118 2103
2118 2331
2118 2334
2118 2359
2118 2369
2118 2370
2118 2376
2118 2386
2118 2408
2118 2423
2118 2495
2118 2561
2118 2564
2118 2638
2120 1912
2120 2156
2130 1912
2130 2156
2152 1912
2152 2008
2152 2231
2156 1912
2156 1915
2156 2070
2156 2120
2156 2130
2156 2231
2156 2455
2158 1912
2158 2231
2226 1912
2226 1923
2226 2117
2226 2345
2226 2367
2226 2379
2226 2406
2226 2419
2231 1912
2231 2152
2231 2156
2231 2158
2234 1912
2234 2037
2234 2334
2234 2386
2234 2391
2255 1912
2255 2453
2255 2486
2281 1912
2281 2094
2297 1912
2297 1951
2297 2378
2297 2620
2331 1912
2331 1953
2331 1986
2331 2005
2331 2020
2331 2103
2331 2118
2331 2334
2331 2359
2331 2369
2331 2376
2331 2386
2331 2391
2331 2408
2331 2423
2331 2495
2331 2561
2331 2564
2331 2638
2334 1912
2334 1986
2334 2005
2334 2020
2334 2103
2334 2118
2334 2234
2334 2331
2334 2369
2334 2376
2334 2386
2334 2391
2334 2561
2334 2564
2345 1912
2345 2117
2345 2226
2345 2279
2345 2367
2345 2379
2345 2406
2345 2453
2345 2594
2359 1912
2359 1986
2359 2005
2359 2037
2359 2103
2359 2118
2359 2331
2359 2369
2359 2370
2359 2376
2359 2423
2359 2564
2359 2638
2367 1912
2367 2117
2367 2226
2367 2345
2367 2379
2367 2406
2367 2594
2369 1912
2369 1953
2369 1986
2369 2005
2369 2020
2369 2037
2369 2103
2369 2118
2369 2331
2369 2334
2369 2359
2369 2370
2369 2376
2369 2386
2369 2408
2369 2423
2369 2495
2369 2561
2369 2564
2369 2638
2370 1912
2370 1953
2370 1986
2370 2005
2370 2020
2370 2037
2370 2103
2370 2118
2370 2359
2370 2369
2370 2376
2370 2386
2370 2408
2370 2423
2370 2495
2370 2564
2370 2638
2375 1912
2376 1912
2376 1986
2376 2005
2376 2020
2376 2103
2376 2118
2376 2331
2376 2334
2376 2359
2376 2369
2376 2370
2376 2391
2376 2408
2376 2423
2376 2561
2376 2564
2379 1912
2379 2226
2379 2345
2379 2367
2379 2594
2382 1912
2386 1912
2386 1953
2386 2005
2386 2103
2386 2118
2386 2234
2386 2331
2386 2334
2386 2369
2386 2370
2386 2408
2386 2423
2386 2495
2386 2561
2386 2638
2391 1912
2391 1986
2391 2020
2391 2234
2391 2331
2391 2334
2391 2376
2391 2495
2391 2545
2406 1912
2406 1923
2406 2226
2406 2345
2406 2367
2406 2453
2408 1912
2408 1953
2408 1986
2408 2005
2408 2037
2408 2103
2408 2118
2408 2331
2408 2369
2408 2370
2408 2376
2408 2386
2408 2423
2408 2561
2408 2564
2408 2638
2423 1912
2423 1953
2423 1986
2423 2005
2423 2020
2423 2037
2423 2103
2423 2118
2423 2331
2423 2359
2423 2369
2423 2370
2423 2376
2423 2386
2423 2408
2423 2495
2423 2564
2423 2638
2444 1912
2444 2486
2444 2622
2453 1912
2453 2255
2453 2345
2453 2406
2455 1912
2455 1915
2455 2008
2455 2156
2481 1912
2486 1912
2486 2255
2486 2444
2486 2622
2495 1912
2495 1986
2495 2005
2495 2020
2495 2118
2495 2331
2495 2369
2495 2370
2495 2386
2495 2391
2495 2423
2495 2564
2495 2638
2503 1912
2545 1912
2545 2391
2561 1912
2561 2020
2561 2037
2561 2103
2561 2118
2561 2331
2561 2334
2561 2369
2561 2376
2561 2386
2561 2408
2561 2564
2561 2638
2564 1912
2564 1953
2564 1986
2564 2005
2564 2020
2564 2037
2564 2103
2564 2118
2564 2331
2564 2334
2564 2359
2564 2369
2564 2370
2564 2376
2564 2408
2564 2423
2564 2495
2564 2561
2564 2638
2596 1912
2620 1912
2620 1951
2620 2004
2620 2297
2622 1912
2622 1924
2622 2444
2622 2486
2638 1912
2638 1953
2638 1986
2638 2005
2638 2020
2638 2103
2638 2118
2638 2331
2638 2359
2638 2369
2638 2370
2638 2386
2638 2408
2638 2423
2638 2495
2638 2561
2638 2564
3449 3586
3449 3625
3449 3674
3449 3692
3449 3805
3449 3943
3478 3587
3479 3516
3514 3518
3514 3670
3514 3674
3514 3707
3516 3479
3518 3514
3518 3670
3518 3707
3532 3610
3544 3674
3547 3454
3571 3957
3587 3478
3610 3532
3610 3660
3610 3674
3610 3847
3625 3449
3625 3674
3625 3692
3660 3610
3660 3780
3660 3847
3669 3700
3669 3864
3670 3514
3670 3518
3700 3669
3700 3864
3707 3514
3707 3518
3763 3782
3780 3660
3782 3763
3782 3881
3805 3449
3839 3586
3847 3610
3847 3660
3847 3674
3864 3669
3864 3700
3881 3782
3957 3571
