14 41
14 343
30 200
38 117
38 141
41 14
41 137
41 140
41 343
108 320
117 38
137 41
137 140
140 41
140 137
141 38
141 257
185 200
185 297
200 30
200 185
200 297
200 325
257 141
297 185
297 200
320 108
320 346
325 200
325 342
333 343
342 325
343 14
343 41
343 333
346 320
414 438
414 513
414 566
414 610
414 636
414 648
414 667
414 673
414 680
414 684
566 414
566 438
566 460
566 513
566 1673
566 1692
900 1825
902 1019
902 1227
902 1279
902 1691
904 1224
917 954
917 964
917 1060
917 1121
917 1166
917 1282
917 1406
917 1469
917 1732
917 1807
917 1907
931 1064
954 917
954 1166
954 1227
954 1282
954 1732
962 1064
962 1095
962 1294
962 1425
964 917
964 1005
964 1089
964 1469
970 1806
970 1825
973 1150
973 1702
989 1019
989 1227
989 1413
989 1432
991 1283
991 1312
1005 964
1005 1089
1005 1469
1019 902
1019 989
1019 1060
1019 1227
1019 1279
1019 1413
1019 1432
1019 1691
1023 1806
1060 917
1060 1019
1060 1227
1060 1432
1064 931
1064 962
1089 964
1089 1005
1091 1668
1095 962
1095 1294
1095 1692
1097 1118
1097 1232
1097 1601
1097 1880
1110 1250
1110 1290
1110 1312
1110 1721
1110 1827
1118 1097
1118 1232
1118 1601
1118 1880
1121 917
1130 1199
1130 1391
1130 1399
1130 1460
1130 1662
1130 1668
1130 1805
1130 1879
1147 1332
1150 973
1150 1283
1150 1702
1150 1858
1166 917
1166 954
1166 1282
1181 1198
1181 1199
1181 1250
1181 1391
1181 1399
1181 1613
1181 1662
1181 1721
1181 1736
1181 1810
1181 1827
1181 1879
1198 1181
1198 1199
1198 1250
1198 1399
1198 1538
1198 1613
1198 1721
1198 1736
1198 1810
1198 1827
1198 1879
1199 1130
1199 1181
1199 1198
1199 1250
1199 1255
1199 1280
1199 1351
1199 1380
1199 1391
1199 1399
1199 1538
1199 1613
1199 1662
1199 1668
1199 1675
1199 1702
1199 1721
1199 1736
1199 1810
1199 1827
1199 1879
1215 1413
1215 1732
1215 1907
1224 904
1227 902
1227 954
1227 989
1227 1019
1227 1060
1227 1279
1227 1282
1227 1404
1232 1097
1232 1118
1232 1601
1232 1880
1247 1575
1247 1807
1247 1885
1250 1110
1250 1181
1250 1198
1250 1199
1250 1255
1250 1380
1250 1399
1250 1613
1250 1662
1250 1721
1250 1736
1250 1810
1250 1827
1250 1879
1255 1199
1255 1250
1255 1280
1255 1312
1255 1391
1255 1399
1255 1520
1255 1613
1255 1637
1255 1662
1255 1675
1255 1721
1255 1805
1255 1827
1255 1891
1279 902
1279 1019
1279 1227
1279 1404
1279 1432
1279 1691
1280 1199
1280 1255
1280 1391
1280 1637
1280 1662
1280 1736
1282 917
1282 954
1282 1166
1282 1227
1282 1406
1282 1732
1283 991
1283 1150
1283 1477
1283 1520
1283 1827
1283 1858
1283 1891
1284 1404
1284 1413
1284 1691
1284 1907
1285 1380
1285 1391
1285 1399
1285 1662
1285 1668
1285 1736
1285 1879
1290 1110
1290 1312
1290 1460
1290 1520
1290 1613
1290 1721
1290 1827
1290 1891
1294 962
1294 1095
1294 1425
1312 991
1312 1110
1312 1255
1312 1290
1312 1391
1312 1520
1312 1613
1312 1637
1312 1675
1312 1718
1312 1736
1312 1827
1312 1879
1328 1825
1332 1147
1349 1673
1351 1199
1351 1391
1351 1399
1351 1662
1351 1668
1351 1702
1351 1736
1351 1827
1351 1879
1380 1199
1380 1250
1380 1285
1380 1391
1380 1399
1380 1662
1380 1879
1389 1391
1389 1637
1389 1675
1391 1130
1391 1181
1391 1199
1391 1255
1391 1280
1391 1285
1391 1312
1391 1351
1391 1380
1391 1389
1391 1399
1391 1520
1391 1613
1391 1662
1391 1668
1391 1675
1391 1736
1391 1810
1391 1827
1399 1130
1399 1181
1399 1198
1399 1199
1399 1250
1399 1255
1399 1285
1399 1351
1399 1380
1399 1391
1399 1662
1399 1668
1399 1702
1399 1721
1399 1736
1399 1810
1399 1827
1399 1879
1404 1227
1404 1279
1404 1284
1404 1691
1406 917
1406 1282
1406 1732
1413 989
1413 1019
1413 1215
1413 1284
1413 1432
1413 1691
1413 1732
1425 962
1425 1294
1432 989
1432 1019
1432 1060
1432 1279
1432 1413
1460 1130
1460 1290
1460 1637
1460 1662
1469 917
1469 964
1469 1005
1477 1283
1520 1255
1520 1283
1520 1290
1520 1312
1520 1391
1520 1613
1520 1662
1520 1675
1520 1827
1520 1891
1538 1198
1538 1199
1538 1662
1538 1810
1564 1675
1575 1247
1575 1807
1575 1885
1601 1097
1601 1118
1601 1232
1601 1784
1601 1880
1613 1181
1613 1198
1613 1199
1613 1250
1613 1255
1613 1290
1613 1312
1613 1391
1613 1520
1613 1637
1613 1662
1613 1668
1613 1675
1613 1721
1613 1736
1613 1827
1613 1879
1613 1891
1637 1255
1637 1280
1637 1312
1637 1389
1637 1460
1637 1613
1637 1675
1662 1130
1662 1181
1662 1199
1662 1250
1662 1255
1662 1280
1662 1285
1662 1351
1662 1380
1662 1391
1662 1399
1662 1460
1662 1520
1662 1538
1662 1613
1662 1668
1662 1736
1662 1810
1662 1827
1662 1879
1662 1891
1668 1091
1668 1130
1668 1199
1668 1285
1668 1351
1668 1391
1668 1399
1668 1613
1668 1662
1668 1736
1668 1810
1668 1879
1673 566
1673 1349
1675 1199
1675 1255
1675 1312
1675 1389
1675 1391
1675 1520
1675 1564
1675 1613
1675 1637
1675 1810
1675 1885
1675 1891
1691 902
1691 1019
1691 1279
1691 1284
1691 1404
1691 1413
1692 566
1692 1095
1702 973
1702 1150
1702 1199
1702 1351
1702 1399
1702 1718
1702 1805
1702 1806
1702 1858
1718 1312
1718 1702
1718 1836
1718 1926
1718 1954
1718 2007
1718 2054
1718 2144
1718 2264
1718 2336
1718 2399
1718 2436
1718 2555
1721 1110
1721 1181
1721 1198
1721 1199
1721 1250
1721 1255
1721 1290
1721 1399
1721 1613
1721 1736
1721 1827
1721 1879
1732 917
1732 954
1732 1215
1732 1282
1732 1406
1732 1413
1732 1907
1736 1181
1736 1198
1736 1199
1736 1250
1736 1280
1736 1285
1736 1312
1736 1351
1736 1391
1736 1399
1736 1613
1736 1662
1736 1668
1736 1721
1736 1810
1736 1827
1736 1879
1784 1601
1797 1854
1805 1130
1805 1255
1805 1702
1805 1858
1806 970
1806 1023
1806 1702
1806 1825
1807 917
1807 1247
1807 1575
1807 1885
1810 1181
1810 1198
1810 1199
1810 1250
1810 1391
1810 1399
1810 1538
1810 1662
1810 1668
1810 1675
1810 1736
1810 1827
1810 1879
1825 900
1825 970
1825 1328
1825 1806
1827 1110
1827 1181
1827 1198
1827 1199
1827 1250
1827 1255
1827 1283
1827 1290
1827 1312
1827 1351
1827 1391
1827 1399
1827 1520
1827 1613
1827 1662
1827 1721
1827 1736
1827 1810
1827 1879
1827 1891
1836 1718
1854 1797
1858 1150
1858 1283
1858 1702
1858 1805
1879 1130
1879 1181
1879 1198
1879 1199
1879 1250
1879 1285
1879 1312
1879 1351
1879 1380
1879 1399
1879 1613
1879 1662
1879 1668
1879 1721
1879 1736
1879 1810
1879 1827
1880 1097
1880 1118
1880 1232
1880 1601
1885 1247
1885 1575
1885 1675
1885 1807
1891 1255
1891 1283
1891 1290
1891 1520
1891 1613
1891 1662
1891 1675
1891 1827
1907 917
1907 1215
1907 1284
1907 1732
1926 1718
1926 1941
1926 1954
1926 1959
1926 2007
1926 2039
1926 2054
1926 2161
1926 2209
1926 2211
1926 2264
1926 2336
1926 2472
1926 2473
1926 2555
1998 1919
1998 1980
1998 2585
1998 2626
1998 2645
2007 1718
2007 1926
2007 1941
2007 1959
2007 2039
2007 2054
2007 2144
2007 2161
2007 2211
2007 2399
2007 2434
2007 2436
2007 2472
2007 2473
2007 2555
2007 2623
2007 2646
2039 1926
2039 1941
2039 1959
2039 2007
2039 2054
2039 2144
2039 2215
2039 2264
2039 2336
2039 2555
2054 1718
2054 1926
2054 1941
2054 1954
2054 1959
2054 2007
2054 2039
2054 2128
2054 2144
2054 2161
2054 2336
2054 2399
2054 2434
2054 2518
2054 2555
2128 1941
2128 1954
2128 2054
2128 2399
2128 2436
2128 2555
2128 2646
2264 1718
2264 1926
2264 1941
2264 1954
2264 1959
2264 2039
2264 2161
2264 2215
2264 2472
2264 2473
2336 1718
2336 1926
2336 1941
2336 1954
2336 1959
2336 2039
2336 2054
2336 2144
2336 2161
2336 2215
2336 2434
2336 2436
2336 2472
2336 2555
2436 1718
2436 1941
2436 1959
2436 2007
2436 2128
2436 2144
2436 2336
2472 1926
2472 1941
2472 1954
2472 2007
2472 2144
2472 2264
2472 2336
2472 2555
393 501
501 393
381 509
397 449
397 509
397 513
397 531
438 414
438 460
438 488
438 513
438 566
449 397
460 438
460 566
488 438
488 513
509 381
509 397
513 397
513 414
513 438
513 488
513 566
513 610
531 397
680 414
680 636
680 684
610 414
610 513
673 414
636 414
636 680
636 684
648 414
667 414
684 414
684 636
684 680
3861 3496
3861 3733
696 739
696 778
696 823
708 755
708 814
708 823
739 696
739 787
739 823
755 708
755 787
755 814
778 696
787 739
787 755
787 814
787 823
814 708
814 755
814 787
823 696
823 708
823 739
823 787
2760 3222
3222 2760
3750 3496
3750 3618
1941 1926
1941 1938
1941 1959
1941 2007
1941 2039
1941 2054
1941 2064
1941 2128
1941 2144
1941 2150
1941 2215
1941 2229
1941 2264
1941 2336
1941 2340
1941 2354
1941 2436
1941 2462
1941 2472
1941 2482
1941 2518
1941 2555
1941 2623
1959 1926
1959 1941
1959 2007
1959 2039
1959 2054
1959 2161
1959 2215
1959 2264
1959 2336
1959 2434
1959 2436
1959 2555
2399 1718
2399 2007
2399 2054
2399 2128
2399 2242
2399 2434
2399 2555
2555 1718
2555 1926
2555 1941
2555 1954
2555 1959
2555 2007
2555 2039
2555 2054
2555 2128
2555 2144
2555 2161
2555 2336
2555 2399
2555 2472
3385 3264
3385 3358
3385 3369
1954 1718
1954 1919
1954 1926
1954 2054
1954 2128
1954 2264
1954 2336
1954 2472
1954 2555
1954 2585
2144 1718
2144 1941
2144 2007
2144 2039
2144 2054
2144 2336
2144 2436
2144 2472
2144 2555
2215 1941
2215 1959
2215 2039
2215 2264
2215 2336
2298 2242
2298 2425
3097 2787
3097 3049
3097 3177
3097 3342
2683 2786
2683 2994
2683 3293
2683 3362
2683 3364
2703 2889
2717 2777
2717 2877
2717 2905
2717 3064
2717 3065
2717 3085
2759 2961
2759 3064
2759 3383
2777 2717
2777 2786
2777 2988
2777 3064
2777 3073
2777 3085
2779 3177
2779 3207
2779 3356
2781 2787
2781 3049
2781 3182
2781 3261
2781 3350
2781 3381
2786 2683
2786 2777
2786 2877
2786 2988
2786 2994
2786 3073
2786 3243
2786 3293
2786 3362
2786 3364
2787 2781
2787 3049
2787 3097
2787 3342
2787 3369
2816 3152
2816 3264
2816 3369
2832 3330
2856 3342
2856 3349
2877 2717
2877 2786
2877 2891
2877 2905
2877 2994
2877 3064
2877 3073
2877 3362
2889 2703
2891 2877
2891 2905
2891 3073
2905 2717
2905 2877
2905 2891
2905 2988
2905 2994
2905 3064
2905 3362
2921 3018
2921 3342
2930 3181
2961 2759
2988 2777
2988 2786
2988 2905
2988 2994
2988 3073
2988 3364
2994 2683
2994 2786
2994 2877
2994 2905
2994 2988
2994 3073
2994 3293
2994 3362
2994 3364
2995 3273
3018 2921
3049 2781
3049 2787
3049 3097
3049 3132
3049 3152
3049 3330
3049 3350
3049 3381
3064 2717
3064 2759
3064 2777
3064 2877
3064 2905
3064 3065
3065 2717
3065 3064
3065 3085
3065 3362
3073 2777
3073 2786
3073 2877
3073 2891
3073 2988
3073 2994
3073 3293
3085 2717
3085 2777
3085 3065
3112 3422
3132 3049
3132 3152
3132 3330
3132 3350
3132 3381
3132 3396
3138 3152
3140 3161
3140 3177
3140 3182
3140 3240
3140 3313
3140 3342
3152 2816
3152 3049
3152 3132
3152 3138
3152 3182
3152 3235
3152 3313
3152 3330
3152 3350
3152 3396
3161 3140
3177 2779
3177 3097
3177 3140
3177 3207
3177 3273
3181 2930
3182 2781
3182 3140
3182 3152
3182 3261
3182 3350
3182 3396
3207 2779
3207 3177
3207 3273
3207 3350
3207 3356
3235 3152
3240 3140
3240 3330
3240 3342
3243 2786
3243 3293
3261 2781
3261 3182
3261 3350
3261 3396
3261 3422
3264 2816
3264 3358
3264 3369
3264 3385
3273 2995
3273 3177
3273 3207
3293 2683
3293 2786
3293 2994
3293 3073
3293 3243
3293 3362
3313 3140
3313 3152
3313 3342
3330 2832
3330 3049
3330 3132
3330 3152
3330 3240
3330 3358
3330 3369
3330 3381
3330 3396
3330 3422
3342 2787
3342 2856
3342 2921
3342 3097
3342 3140
3342 3240
3342 3313
3349 2856
3350 2781
3350 3049
3350 3132
3350 3152
3350 3182
3350 3207
3350 3261
3350 3381
3350 3396
3356 2779
3356 3207
3358 3264
3358 3330
3358 3369
3358 3385
3362 2683
3362 2786
3362 2877
3362 2905
3362 2994
3362 3065
3362 3293
3362 3364
3364 2683
3364 2786
3364 2988
3364 2994
3364 3362
3369 2787
3369 2816
3369 3264
3369 3330
3369 3358
3369 3385
3381 2781
3381 3049
3381 3132
3381 3330
3381 3350
3383 2759
3396 3132
3396 3152
3396 3182
3396 3261
3396 3330
3396 3350
3396 3422
3422 3112
3422 3261
3422 3330
3422 3396
1919 1954
1919 1980
1919 1998
1919 2585
1919 2626
1919 2645
1925 2084
1925 2150
1925 2201
1925 2212
1925 2229
1925 2340
1925 2549
1938 1941
1938 2064
1938 2084
1938 2150
1938 2201
1938 2212
1938 2229
1938 2340
1938 2354
1938 2392
1938 2404
1938 2462
1938 2482
1938 2549
1938 2623
1938 2646
1980 1919
1980 1998
1980 2435
1980 2585
1980 2626
1980 2645
2064 1938
2064 1941
2064 2150
2064 2201
2064 2212
2064 2229
2064 2340
2064 2354
2064 2404
2064 2482
2064 2546
2064 2549
2064 2606
2064 2623
2064 2646
2084 1925
2084 1938
2084 2201
2084 2229
2084 2353
2084 2354
2084 2404
2084 2482
2084 2546
2084 2606
2114 2119
2114 2160
2119 2114
2119 2644
2150 1925
2150 1938
2150 1941
2150 2064
2150 2201
2150 2212
2150 2229
2150 2340
2150 2353
2150 2354
2150 2392
2150 2404
2150 2482
2150 2546
2150 2549
2150 2606
2150 2623
2150 2646
2160 2114
2160 2405
2161 1926
2161 1959
2161 2007
2161 2054
2161 2264
2161 2336
2161 2434
2161 2473
2161 2555
2162 2405
2201 1925
2201 1938
2201 2064
2201 2084
2201 2150
2201 2212
2201 2229
2201 2340
2201 2354
2201 2404
2201 2482
2201 2546
2201 2549
2209 1926
2209 2211
2209 2242
2209 2425
2209 2525
2211 1926
2211 2007
2211 2209
2211 2425
2211 2473
2211 2525
2212 1925
2212 1938
2212 2064
2212 2150
2212 2201
2212 2229
2212 2340
2212 2353
2212 2404
2212 2462
2212 2482
2212 2546
2212 2549
2212 2623
2229 1925
2229 1938
2229 1941
2229 2064
2229 2084
2229 2150
2229 2201
2229 2212
2229 2340
2229 2353
2229 2354
2229 2392
2229 2404
2229 2443
2229 2462
2229 2482
2229 2549
2229 2606
2229 2623
2229 2646
2242 2209
2242 2298
2242 2399
2242 2425
2340 1925
2340 1938
2340 1941
2340 2064
2340 2150
2340 2201
2340 2212
2340 2229
2340 2354
2340 2404
2340 2482
2340 2546
2340 2549
2340 2623
2340 2646
2353 2084
2353 2150
2353 2212
2353 2229
2353 2606
2354 1938
2354 1941
2354 2064
2354 2084
2354 2150
2354 2201
2354 2229
2354 2340
2354 2404
2354 2462
2354 2482
2354 2546
2354 2549
2354 2623
2354 2646
2392 1938
2392 2150
2392 2229
2392 2404
2392 2482
2392 2549
2392 2646
2404 1938
2404 2064
2404 2084
2404 2150
2404 2201
2404 2212
2404 2229
2404 2340
2404 2354
2404 2392
2404 2549
2404 2606
2405 2160
2405 2162
2425 2209
2425 2211
2425 2242
2425 2298
2425 2525
2434 1959
2434 2007
2434 2054
2434 2161
2434 2336
2434 2399
2434 2518
2435 1980
2435 2645
2443 2229
2443 2527
2462 1938
2462 1941
2462 2212
2462 2229
2462 2354
2462 2482
2462 2646
2473 1926
2473 2007
2473 2161
2473 2211
2473 2264
2482 1938
2482 1941
2482 2064
2482 2084
2482 2150
2482 2201
2482 2212
2482 2229
2482 2340
2482 2354
2482 2392
2482 2462
2482 2549
2482 2623
2482 2646
2487 2535
2518 1941
2518 2054
2518 2434
2525 2209
2525 2211
2525 2425
2527 2443
2535 2487
2546 2064
2546 2084
2546 2150
2546 2201
2546 2212
2546 2340
2546 2354
2546 2623
2546 2646
2549 1925
2549 1938
2549 2064
2549 2150
2549 2201
2549 2212
2549 2229
2549 2340
2549 2354
2549 2392
2549 2404
2549 2482
2585 1919
2585 1954
2585 1980
2585 1998
2585 2626
2585 2645
2606 2064
2606 2084
2606 2150
2606 2229
2606 2353
2606 2404
2623 1938
2623 1941
2623 2007
2623 2064
2623 2150
2623 2212
2623 2229
2623 2340
2623 2354
2623 2482
2623 2546
2623 2646
2626 1919
2626 1980
2626 1998
2626 2585
2644 2119
2645 1919
2645 1980
2645 1998
2645 2435
2645 2585
2646 1938
2646 2007
2646 2064
2646 2128
2646 2150
2646 2229
2646 2340
2646 2354
2646 2392
2646 2462
2646 2482
2646 2546
2646 2623
3441 3536
3460 3466
3460 3568
3460 3931
3465 3837
3466 3460
3482 3521
3482 3685
3496 3521
3496 3551
3496 3750
3496 3861
3521 3482
3521 3496
3521 3573
3521 3618
3521 3666
3521 3685
3521 3778
3521 3921
3536 3441
3536 3624
3536 3922
3551 3496
3551 3925
3568 3460
3568 3617
3568 3810
3568 3931
3573 3521
3573 3902
3573 3930
3588 3862
3617 3568
3617 3622
3617 3724
3617 3754
3617 3931
3618 3521
3618 3750
3622 3617
3622 3931
3624 3536
3666 3521
3666 3921
3685 3482
3685 3521
3711 3792
3711 3810
3724 3617
3733 3861
3751 3923
3754 3617
3778 3521
3792 3711
3810 3568
3810 3711
3837 3465
3841 3929
3862 3588
3862 3921
3902 3573
3902 3930
3921 3521
3921 3666
3921 3862
3922 3536
3923 3751
3925 3551
3929 3841
3930 3573
3930 3902
3931 3460
3931 3568
3931 3617
3931 3622
3992 4017
3994 4023
4017 3992
4023 3994
