0 25
0 31
0 45
0 62
0 68
0 70
0 72
0 75
0 91
0 99
0 104
0 112
0 118
0 121
0 125
0 143
0 145
0 150
0 152
0 153
0 158
0 163
0 169
0 174
0 177
0 178
0 194
0 196
0 198
0 203
0 207
0 211
0 220
0 228
0 240
0 244
0 247
0 269
0 278
0 284
0 290
0 302
0 316
0 318
25 0
25 31
25 72
25 104
25 158
25 169
25 203
25 290
31 0
31 25
45 0
45 104
62 0
62 318
68 0
68 99
68 143
68 177
70 0
72 0
72 25
75 0
91 0
99 0
99 68
99 143
99 177
99 278
104 0
104 25
104 45
104 169
104 203
104 318
112 0
112 174
118 0
118 203
118 211
121 0
121 169
125 0
125 169
143 0
143 68
143 99
143 177
143 278
145 0
150 0
150 163
152 0
153 0
158 0
158 25
163 0
163 150
169 0
169 25
169 104
169 121
169 125
169 318
174 0
174 112
177 0
177 68
177 99
177 143
177 278
178 0
194 0
194 196
194 302
196 0
196 194
198 0
203 0
203 25
203 104
203 118
203 211
207 0
211 0
211 118
211 203
220 0
228 0
240 0
244 0
247 0
269 0
278 0
278 99
278 143
278 177
284 0
290 0
290 25
302 0
302 194
316 0
318 0
318 62
318 104
318 169
389 459
389 516
389 1013
389 1507
484 517
484 606
484 1160
484 1313
517 463
517 484
517 507
517 606
517 976
517 1313
606 484
606 517
606 641
606 1313
606 1727
606 1738
641 606
641 1313
641 1400
641 1448
641 1475
901 1452
924 1258
924 1482
924 1703
976 517
976 1878
995 1160
995 1171
995 1331
995 1431
995 1540
999 1431
999 1530
999 1669
999 1750
999 1823
999 1839
1009 1021
1009 1392
1009 1475
1009 1655
1009 1680
1009 1716
1009 1790
1013 389
1021 1009
1021 1448
1021 1475
1028 1209
1028 1287
1028 1420
1028 1449
1028 1663
1028 1823
1056 1160
1056 1359
1056 1528
1056 1663
1056 1669
1056 1791
1073 1528
1116 1269
1116 1331
1116 1484
1116 1540
1134 1474
1134 1703
1152 1258
1152 1703
1160 484
1160 995
1160 1056
1160 1331
1160 1359
1160 1402
1160 1663
1160 1669
1171 995
1171 1297
1171 1486
1209 1028
1209 1331
1209 1340
1209 1431
1209 1528
1209 1572
1209 1663
1209 1750
1209 1791
1258 924
1258 1152
1258 1435
1258 1703
1258 1738
1269 1116
1269 1331
1269 1420
1269 1431
1269 1480
1269 1484
1269 1528
1269 1623
1269 1663
1269 1669
1269 1750
1269 1823
1287 1028
1287 1331
1287 1623
1287 1663
1287 1823
1297 1171
1297 1486
1313 484
1313 517
1313 606
1313 641
1313 1878
1327 1337
1327 1435
1327 1518
1327 1540
1327 1561
1327 1663
1327 1774
1331 995
1331 1116
1331 1160
1331 1209
1331 1269
1331 1287
1331 1402
1331 1420
1331 1431
1331 1484
1331 1530
1331 1623
1331 1663
1331 1823
1331 1839
1331 1843
1337 1327
1337 1480
1337 1518
1337 1561
1340 1209
1340 1572
1340 1623
1340 1750
1359 1056
1359 1160
1359 1402
1359 1663
1359 1669
1359 1791
1359 1839
1364 1435
1364 1540
1392 1009
1392 1475
1392 1655
1392 1716
1400 641
1401 1823
1401 1839
1402 1160
1402 1331
1402 1359
1402 1431
1402 1663
1402 1791
1402 1823
1402 1839
1405 1846
1405 3412
1420 1028
1420 1269
1420 1331
1420 1431
1420 1530
1420 1663
1420 1669
1420 1750
1420 1823
1420 1839
1420 1846
1431 995
1431 999
1431 1209
1431 1269
1431 1331
1431 1402
1431 1420
1431 1449
1431 1480
1431 1530
1431 1623
1431 1663
1431 1669
1431 1750
1431 1791
1431 1823
1431 1839
1435 1258
1435 1327
1435 1364
1435 1540
1440 1843
1448 641
1448 1021
1448 1475
1448 1655
1448 1790
1449 1028
1449 1431
1449 1480
1449 1663
1449 1823
1449 1839
1452 901
1474 1134
1475 641
1475 1009
1475 1021
1475 1392
1475 1448
1475 1706
1475 1716
1475 1790
1480 1269
1480 1337
1480 1431
1480 1449
1480 1774
1480 1839
1482 924
1482 1703
1484 1116
1484 1269
1484 1331
1486 1171
1486 1297
1507 389
1518 1327
1518 1337
1518 1774
1528 1056
1528 1073
1528 1209
1528 1269
1528 1663
1528 1669
1528 1791
1530 999
1530 1331
1530 1420
1530 1431
1530 1663
1530 1669
1530 1750
1530 1823
1530 1839
1540 995
1540 1116
1540 1327
1540 1364
1540 1435
1540 1669
1561 1327
1561 1337
1572 1209
1572 1340
1623 1269
1623 1287
1623 1331
1623 1340
1623 1431
1623 1750
1655 1009
1655 1392
1655 1448
1655 1680
1655 1716
1655 1841
1663 1028
1663 1056
1663 1160
1663 1209
1663 1269
1663 1287
1663 1327
1663 1331
1663 1359
1663 1402
1663 1420
1663 1431
1663 1449
1663 1528
1663 1530
1663 1669
1663 1750
1663 1791
1663 1823
1663 1839
1669 999
1669 1056
1669 1160
1669 1269
1669 1359
1669 1420
1669 1431
1669 1528
1669 1530
1669 1540
1669 1663
1669 1791
1669 1823
1680 1009
1680 1655
1703 924
1703 1134
1703 1152
1703 1258
1703 1482
1706 1475
1716 1009
1716 1392
1716 1475
1716 1655
1716 1841
1727 606
1727 1738
1738 606
1738 1258
1738 1727
1750 999
1750 1209
1750 1269
1750 1340
1750 1420
1750 1431
1750 1530
1750 1623
1750 1663
1750 1791
1750 1823
1774 1327
1774 1480
1774 1518
1790 1009
1790 1448
1790 1475
1790 1841
1790 1878
1791 1056
1791 1209
1791 1359
1791 1402
1791 1431
1791 1528
1791 1663
1791 1669
1791 1750
1791 1823
1791 1839
1823 999
1823 1028
1823 1269
1823 1287
1823 1331
1823 1401
1823 1402
1823 1420
1823 1431
1823 1449
1823 1530
1823 1663
1823 1669
1823 1750
1823 1791
1823 1839
1839 999
1839 1331
1839 1359
1839 1401
1839 1402
1839 1420
1839 1431
1839 1449
1839 1480
1839 1530
1839 1663
1839 1791
1839 1823
1841 1655
1841 1716
1841 1790
1843 1331
1843 1440
1846 1405
1846 1420
1878 976
1878 1313
1878 1790
1972 1927
1972 2012
1972 2024
1972 2171
1972 2627
2024 1921
2024 1927
2024 1972
2024 2171
2024 2365
2068 2010
2068 2101
2068 2196
2068 2247
2068 2491
2068 2510
2068 2617
2171 1927
2171 1972
2171 2012
2171 2024
2171 2050
2171 2365
2171 2627
2247 2010
2247 2068
2247 2196
2247 2246
2247 2413
2247 2491
2247 2510
2250 2010
2250 2413
2250 2491
2250 2617
2491 2068
2491 2196
2491 2246
2491 2247
2491 2250
2491 2396
2491 2510
2491 2617
2510 2068
2510 2101
2510 2196
2510 2246
2510 2247
2510 2396
2510 2420
2510 2491
2510 2617
2617 1981
2617 2062
2617 2068
2617 2101
2617 2196
2617 2246
2617 2250
2617 2396
2617 2420
2617 2479
2617 2491
2617 2510
349 534
360 463
360 507
367 403
403 367
459 389
459 516
463 360
463 507
463 517
507 360
507 463
507 517
516 389
516 459
534 349
595 659
598 625
625 598
659 595
714 725
714 806
725 714
725 806
727 847
733 782
745 790
745 799
745 847
764 807
782 733
790 745
796 806
799 745
806 714
806 725
806 796
807 764
847 727
847 745
3797 3677
3797 3741
3677 3797
3741 3797
3412 1405
3412 2662
3412 2728
3412 2730
3412 3007
3412 3176
3412 3223
3412 3379
2196 2010
2196 2068
2196 2246
2196 2247
2196 2420
2196 2491
2196 2510
2196 2617
2420 2062
2420 2196
2420 2510
2420 2617
3101 2785
3101 2793
3101 2901
3101 2991
3101 3007
3101 3041
3101 3150
3101 3185
3101 3224
3101 3280
3101 3296
3101 3411
3101 3434
2010 2068
2010 2196
2010 2246
2010 2247
2010 2250
2062 1981
2062 2069
2062 2101
2062 2396
2062 2420
2062 2479
2062 2617
2101 1981
2101 2062
2101 2068
2101 2396
2101 2479
2101 2510
2101 2617
2246 2010
2246 2185
2246 2196
2246 2247
2246 2491
2246 2510
2246 2617
2413 2247
2413 2250
2662 2728
2662 3107
2662 3274
2662 3412
2672 2684
2672 3185
2672 3262
2672 3274
2672 3280
2672 3411
2684 2672
2684 3262
2684 3434
2689 2705
2689 2810
2689 2867
2689 2896
2689 2907
2689 2925
2689 2927
2689 2969
2689 3220
2705 2689
2705 2867
2705 2896
2705 2925
2705 2969
2728 2662
2728 2730
2728 3007
2728 3176
2728 3285
2728 3379
2728 3412
2730 2728
2730 2996
2730 3043
2730 3087
2730 3187
2730 3196
2730 3412
2731 2956
2731 3123
2756 2887
2756 2956
2756 3220
2756 3238
2785 2904
2785 3041
2785 3058
2785 3101
2785 3212
2785 3280
2785 3431
2793 2901
2793 2991
2793 3007
2793 3041
2793 3101
2793 3150
2793 3212
2793 3224
2793 3280
2793 3434
2810 2689
2810 2867
2810 2887
2810 2907
2810 2927
2810 2960
2810 3123
2810 3220
2840 2904
2840 3185
2867 2689
2867 2705
2867 2810
2867 2897
2867 2907
2867 2909
2867 2913
2867 2925
2867 2927
2867 2960
2867 3184
2884 2909
2887 2756
2887 2810
2887 2897
2887 2907
2887 2956
2887 3220
2895 3274
2896 2689
2896 2705
2896 2925
2896 2969
2897 2867
2897 2887
2897 2909
2897 2925
2897 2960
2901 2793
2901 2904
2901 2996
2901 3101
2901 3150
2901 3224
2901 3380
2901 3411
2901 3418
2901 3431
2901 3434
2902 3251
2904 2785
2904 2840
2904 2901
2904 3150
2904 3212
2904 3280
2904 3411
2904 3434
2907 2689
2907 2810
2907 2867
2907 2887
2907 3220
2909 2867
2909 2884
2909 2897
2909 2913
2909 2925
2909 2927
2909 2960
2909 2969
2909 3184
2913 2867
2913 2909
2913 2925
2913 2927
2913 2956
2913 2969
2913 3184
2913 3224
2925 2689
2925 2705
2925 2867
2925 2896
2925 2897
2925 2909
2925 2913
2925 2956
2925 2960
2925 2969
2925 3184
2927 2689
2927 2810
2927 2867
2927 2909
2927 2913
2927 2956
2927 2960
2927 3184
2927 3220
2927 3238
2956 2731
2956 2756
2956 2887
2956 2913
2956 2925
2956 2927
2956 2960
2956 2969
2956 3123
2956 3184
2956 3220
2956 3238
2960 2810
2960 2867
2960 2897
2960 2909
2960 2925
2960 2927
2960 2956
2960 2969
2960 3153
2960 3184
2969 2689
2969 2705
2969 2896
2969 2909
2969 2913
2969 2925
2969 2956
2969 2960
2969 3184
2969 3220
2991 2793
2991 3101
2991 3185
2991 3280
2991 3434
2996 2730
2996 2901
2996 3196
2996 3224
2996 3431
3007 2728
3007 2793
3007 3101
3007 3412
3007 3434
3010 3317
3041 2785
3041 2793
3041 3058
3041 3101
3043 2730
3058 2785
3058 3041
3058 3212
3087 2730
3087 3107
3087 3187
3087 3196
3087 3296
3087 3337
3087 3338
3107 2662
3107 3087
3107 3187
3107 3337
3107 3340
3107 3379
3107 3421
3123 2731
3123 2810
3123 2956
3150 2793
3150 2901
3150 2904
3150 3101
3150 3185
3150 3223
3150 3280
3150 3296
3150 3411
3153 2960
3176 2728
3176 3223
3176 3285
3176 3412
3184 2867
3184 2909
3184 2913
3184 2925
3184 2927
3184 2956
3184 2960
3184 2969
3185 2672
3185 2840
3185 2991
3185 3101
3185 3150
3185 3274
3185 3280
3185 3411
3185 3434
3187 2730
3187 3087
3187 3107
3187 3196
3187 3337
3196 2730
3196 2996
3196 3087
3196 3187
3196 3418
3212 2785
3212 2793
3212 2904
3212 3058
3212 3434
3220 2689
3220 2756
3220 2810
3220 2887
3220 2907
3220 2927
3220 2956
3220 2969
3223 3150
3223 3176
3223 3285
3223 3412
3224 2793
3224 2901
3224 2913
3224 2996
3224 3101
3224 3421
3224 3434
3238 2756
3238 2927
3238 2956
3251 2902
3262 2672
3262 2684
3262 3411
3274 2662
3274 2672
3274 2895
3274 3185
3280 2672
3280 2785
3280 2793
3280 2904
3280 2991
3280 3101
3280 3150
3280 3185
3280 3296
3280 3431
3280 3434
3285 2728
3285 3176
3285 3223
3296 3087
3296 3101
3296 3150
3296 3280
3296 3337
3296 3411
3296 3434
3317 3010
3337 3087
3337 3107
3337 3187
3337 3296
3338 3087
3340 3107
3379 2728
3379 3107
3379 3412
3380 2901
3411 2672
3411 2901
3411 2904
3411 3101
3411 3150
3411 3185
3411 3262
3411 3296
3411 3434
3418 2901
3418 3196
3421 3107
3421 3224
3431 2785
3431 2901
3431 2996
3431 3280
3434 2684
3434 2793
3434 2901
3434 2904
3434 2991
3434 3007
3434 3101
3434 3185
3434 3212
3434 3224
3434 3280
3434 3296
3434 3411
2185 2246
1921 2024
1921 2365
1921 2627
1927 1972
1927 2024
1927 2171
1927 2365
1927 2627
1943 1971
1943 1983
1943 2030
1943 2046
1943 2058
1943 2069
1943 2074
1943 2088
1943 2090
1943 2139
1943 2140
1943 2165
1943 2216
1943 2233
1943 2257
1943 2356
1943 2504
1943 2550
1943 2559
1943 2615
1943 2655
1944 2182
1971 1943
1971 1983
1971 2030
1971 2074
1971 2088
1971 2090
1971 2139
1971 2140
1971 2165
1971 2216
1971 2233
1971 2257
1971 2356
1971 2427
1971 2499
1971 2504
1971 2550
1971 2559
1971 2615
1971 2655
1981 2062
1981 2101
1981 2396
1981 2479
1981 2617
1983 1943
1983 1971
1983 2030
1983 2046
1983 2058
1983 2069
1983 2074
1983 2088
1983 2090
1983 2139
1983 2140
1983 2233
1983 2257
1983 2356
1983 2427
1983 2499
1983 2504
1983 2550
1983 2559
1983 2615
1983 2655
2012 1972
2012 2171
2012 2365
2030 1943
2030 1971
2030 1983
2030 2046
2030 2069
2030 2074
2030 2088
2030 2090
2030 2139
2030 2140
2030 2165
2030 2233
2030 2257
2030 2356
2030 2499
2030 2504
2030 2550
2030 2559
2030 2574
2030 2615
2030 2655
2046 1943
2046 1983
2046 2030
2046 2074
2046 2088
2046 2090
2046 2140
2046 2233
2046 2356
2046 2559
2046 2615
2046 2655
2050 2171
2050 2365
2058 1943
2058 1983
2058 2088
2058 2139
2058 2216
2058 2233
2069 1943
2069 1983
2069 2030
2069 2062
2069 2074
2069 2088
2069 2090
2069 2139
2069 2140
2069 2233
2069 2499
2069 2504
2069 2550
2069 2559
2069 2574
2069 2615
2069 2655
2074 1943
2074 1971
2074 1983
2074 2030
2074 2046
2074 2069
2074 2088
2074 2090
2074 2139
2074 2140
2074 2216
2074 2233
2074 2257
2074 2356
2074 2499
2074 2504
2074 2655
2088 1943
2088 1971
2088 1983
2088 2030
2088 2046
2088 2058
2088 2069
2088 2074
2088 2090
2088 2139
2088 2140
2088 2165
2088 2216
2088 2233
2088 2257
2088 2356
2088 2504
2088 2550
2088 2559
2088 2574
2088 2615
2088 2655
2089 2126
2089 2618
2090 1943
2090 1971
2090 1983
2090 2030
2090 2046
2090 2069
2090 2074
2090 2088
2090 2139
2090 2140
2090 2165
2090 2216
2090 2233
2090 2257
2090 2356
2090 2499
2090 2504
2090 2550
2090 2559
2090 2615
2090 2655
2126 2089
2126 2317
2126 2335
2126 2587
2139 1943
2139 1971
2139 1983
2139 2030
2139 2058
2139 2069
2139 2074
2139 2088
2139 2090
2139 2140
2139 2165
2139 2216
2139 2233
2139 2257
2139 2356
2139 2499
2139 2504
2139 2550
2139 2559
2139 2574
2139 2615
2139 2655
2140 1943
2140 1971
2140 1983
2140 2030
2140 2046
2140 2069
2140 2074
2140 2088
2140 2090
2140 2139
2140 2165
2140 2216
2140 2233
2140 2257
2140 2356
2140 2499
2140 2559
2140 2574
2140 2615
2140 2655
2165 1943
2165 1971
2165 2030
2165 2088
2165 2090
2165 2139
2165 2140
2165 2233
2165 2257
2165 2449
2165 2499
2165 2504
2165 2559
2165 2574
2165 2615
2165 2655
2182 1944
2216 1943
2216 1971
2216 2058
2216 2074
2216 2088
2216 2090
2216 2139
2216 2140
2216 2233
2216 2356
2216 2504
2216 2559
2216 2615
2216 2655
2233 1943
2233 1971
2233 1983
2233 2030
2233 2046
2233 2058
2233 2069
2233 2074
2233 2088
2233 2090
2233 2139
2233 2140
2233 2165
2233 2216
2233 2257
2233 2356
2233 2499
2233 2504
2233 2550
2233 2559
2233 2574
2233 2615
2233 2655
2251 2618
2257 1943
2257 1971
2257 1983
2257 2030
2257 2074
2257 2088
2257 2090
2257 2139
2257 2140
2257 2165
2257 2233
2257 2356
2257 2504
2257 2559
2257 2615
2277 2335
2314 2335
2317 2126
2317 2587
2317 2618
2335 2126
2335 2277
2335 2314
2356 1943
2356 1971
2356 1983
2356 2030
2356 2046
2356 2074
2356 2088
2356 2090
2356 2139
2356 2140
2356 2216
2356 2233
2356 2257
2356 2504
2356 2550
2356 2559
2356 2615
2356 2655
2365 1921
2365 1927
2365 2012
2365 2024
2365 2050
2365 2171
2365 2627
2396 1981
2396 2062
2396 2101
2396 2479
2396 2491
2396 2510
2396 2617
2401 2466
2427 1971
2427 1983
2427 2449
2427 2499
2449 2165
2449 2427
2449 2499
2449 2655
2466 2401
2479 1981
2479 2062
2479 2101
2479 2396
2479 2617
2499 1971
2499 1983
2499 2030
2499 2069
2499 2074
2499 2090
2499 2139
2499 2140
2499 2165
2499 2233
2499 2427
2499 2449
2499 2550
2499 2559
2499 2574
2499 2655
2504 1943
2504 1971
2504 1983
2504 2030
2504 2069
2504 2074
2504 2088
2504 2090
2504 2139
2504 2165
2504 2216
2504 2233
2504 2257
2504 2356
2504 2550
2504 2559
2504 2615
2504 2655
2550 1943
2550 1971
2550 1983
2550 2030
2550 2069
2550 2088
2550 2090
2550 2139
2550 2233
2550 2356
2550 2499
2550 2504
2550 2559
2550 2574
2550 2615
2550 2655
2559 1943
2559 1971
2559 1983
2559 2030
2559 2046
2559 2069
2559 2088
2559 2090
2559 2139
2559 2140
2559 2165
2559 2216
2559 2233
2559 2257
2559 2356
2559 2499
2559 2504
2559 2550
2559 2574
2559 2615
2559 2655
2574 2030
2574 2069
2574 2088
2574 2139
2574 2140
2574 2165
2574 2233
2574 2499
2574 2550
2574 2559
2574 2615
2587 2126
2587 2317
2615 1943
2615 1971
2615 1983
2615 2030
2615 2046
2615 2069
2615 2088
2615 2090
2615 2139
2615 2140
2615 2165
2615 2216
2615 2233
2615 2257
2615 2356
2615 2504
2615 2550
2615 2559
2615 2574
2615 2655
2618 2089
2618 2251
2618 2317
2627 1921
2627 1927
2627 1972
2627 2171
2627 2365
2655 1943
2655 1971
2655 1983
2655 2030
2655 2046
2655 2069
2655 2074
2655 2088
2655 2090
2655 2139
2655 2140
2655 2165
2655 2216
2655 2233
2655 2356
2655 2449
2655 2499
2655 2504
2655 2550
2655 2559
2655 2615
3446 3585
3484 3940
3485 3488
3488 3485
3488 3702
3488 3737
3488 3926
3493 3680
3493 3900
3519 3836
3519 3975
3585 3446
3591 3680
3591 3900
3594 3883
3620 3718
3620 3764
3620 3900
3639 3883
3642 3737
3680 3493
3680 3591
3680 3718
3680 3900
3702 3488
3702 3737
3703 3926
3718 3620
3718 3680
3718 3900
3737 3488
3737 3642
3737 3702
3764 3620
3836 3519
3836 3975
3883 3594
3883 3639
3883 3919
3900 3493
3900 3591
3900 3620
3900 3680
3900 3718
3919 3883
3926 3488
3926 3703
3940 3484
3975 3519
3975 3836
4020 4030
4020 4038
4030 4020
4038 4020
