3 26
3 142
3 280
10 142
26 3
26 113
26 142
26 265
26 280
28 144
39 280
113 26
113 142
113 148
127 197
142 3
142 10
142 26
142 113
142 280
144 28
148 113
171 3003
197 127
265 26
280 3
280 26
280 39
280 142
3003 171
898 1595
898 1875
912 1776
923 1369
923 1505
927 1124
927 1175
927 1265
927 1369
927 1513
927 1590
927 1730
927 1768
927 1835
927 1888
936 1001
936 1114
936 1223
936 1606
936 1677
940 1418
952 1076
952 1078
952 1126
952 1184
952 1291
952 1491
952 1730
952 1735
952 1746
952 1793
952 1888
960 998
960 1078
960 1126
960 1175
960 1291
960 1456
960 1542
960 1547
960 1559
960 1604
960 1665
960 1793
960 1888
988 1298
988 1322
988 1345
988 1438
988 1583
996 1505
998 960
1001 936
1001 1080
1001 1114
1001 1124
1001 1542
1031 1098
1036 1257
1036 1298
1036 1322
1036 1345
1036 1583
1044 1298
1044 1322
1044 1583
1047 1076
1047 1124
1047 1126
1047 1559
1047 1730
1047 1768
1047 1835
1070 1275
1070 1531
1070 1897
1076 952
1076 1047
1076 1078
1076 1124
1076 1126
1076 1175
1076 1184
1076 1491
1076 1559
1076 1735
1076 1746
1076 1768
1076 1835
1076 1888
1078 952
1078 960
1078 1076
1078 1117
1078 1124
1078 1126
1078 1175
1078 1184
1078 1219
1078 1291
1078 1456
1078 1491
1078 1542
1078 1547
1078 1559
1078 1604
1078 1665
1078 1730
1078 1735
1078 1746
1078 1768
1078 1793
1078 1835
1078 1868
1078 1888
1080 1001
1080 1677
1082 1257
1082 1298
1082 1322
1082 1345
1082 1438
1082 1583
1098 1031
1098 1251
1098 1505
1114 936
1114 1001
1114 1223
1114 1677
1114 1746
1117 1078
1117 1124
1117 1126
1117 1456
1117 1547
1117 1559
1117 1590
1117 1604
1117 1665
1117 1730
1117 1746
1117 1768
1117 1793
1117 1835
1117 1868
1117 1888
1124 927
1124 1001
1124 1047
1124 1076
1124 1078
1124 1117
1124 1126
1124 1175
1124 1184
1124 1219
1124 1542
1124 1559
1124 1604
1124 1665
1124 1735
1124 1768
1124 1793
1124 1835
1124 1888
1126 952
1126 960
1126 1047
1126 1076
1126 1078
1126 1117
1126 1124
1126 1175
1126 1184
1126 1291
1126 1456
1126 1491
1126 1547
1126 1559
1126 1590
1126 1604
1126 1665
1126 1730
1126 1735
1126 1746
1126 1768
1126 1793
1126 1835
1126 1868
1126 1888
1136 1251
1136 1866
1175 927
1175 960
1175 1076
1175 1078
1175 1124
1175 1126
1175 1265
1175 1291
1175 1456
1175 1513
1175 1547
1175 1559
1175 1590
1175 1730
1175 1768
1175 1835
1175 1888
1184 952
1184 1076
1184 1078
1184 1124
1184 1126
1184 1456
1184 1491
1184 1524
1184 1542
1184 1559
1184 1665
1184 1730
1184 1735
1184 1746
1184 1793
1184 1835
1184 1888
1219 1078
1219 1124
1219 1265
1219 1547
1219 1665
1219 1730
1219 1768
1219 1793
1219 1888
1223 936
1223 1114
1223 1436
1223 1559
1251 1098
1251 1136
1257 1036
1257 1082
1257 1322
1257 1345
1257 1583
1265 927
1265 1175
1265 1219
1265 1513
1265 1590
1265 1768
1275 1070
1275 1418
1291 952
1291 960
1291 1078
1291 1126
1291 1175
1291 1491
1291 1547
1291 1559
1291 1590
1291 1730
1291 1746
1291 1768
1291 1793
1291 1835
1291 1888
1298 988
1298 1036
1298 1044
1298 1082
1298 1322
1298 1345
1298 1438
1298 1583
1301 1369
1322 988
1322 1036
1322 1044
1322 1082
1322 1257
1322 1298
1322 1345
1322 1438
1322 1583
1322 1682
1333 1629
1345 988
1345 1036
1345 1082
1345 1257
1345 1298
1345 1322
1345 1438
1345 1583
1345 1595
1345 1638
1345 1875
1369 923
1369 927
1369 1301
1369 1505
1369 1559
1369 1590
1369 1726
1369 1835
1418 940
1418 1275
1434 1441
1434 1590
1436 1223
1436 1583
1438 988
1438 1082
1438 1298
1438 1322
1438 1345
1438 1583
1441 1434
1456 960
1456 1078
1456 1117
1456 1126
1456 1175
1456 1184
1456 1524
1456 1542
1456 1547
1456 1559
1456 1604
1456 1665
1456 1746
1456 1768
1456 1793
1456 1868
1456 1888
1491 952
1491 1076
1491 1078
1491 1126
1491 1184
1491 1291
1491 1547
1491 1559
1491 1730
1491 1735
1491 1746
1491 1793
1491 1888
1505 923
1505 996
1505 1098
1505 1369
1505 1674
1505 3079
1505 3205
1513 927
1513 1175
1513 1265
1513 1590
1513 1730
1513 1835
1524 1184
1524 1456
1524 1730
1524 1746
1524 1888
1531 1070
1542 960
1542 1001
1542 1078
1542 1124
1542 1184
1542 1456
1542 1604
1542 1665
1542 1793
1542 1868
1542 1888
1547 960
1547 1078
1547 1117
1547 1126
1547 1175
1547 1219
1547 1291
1547 1456
1547 1491
1547 1559
1547 1665
1547 1730
1547 1746
1547 1793
1547 1868
1547 1888
1559 960
1559 1047
1559 1076
1559 1078
1559 1117
1559 1124
1559 1126
1559 1175
1559 1184
1559 1223
1559 1291
1559 1369
1559 1456
1559 1491
1559 1547
1559 1604
1559 1665
1559 1730
1559 1735
1559 1746
1559 1768
1559 1793
1559 1835
1559 1868
1559 1888
1583 988
1583 1036
1583 1044
1583 1082
1583 1257
1583 1298
1583 1322
1583 1345
1583 1436
1583 1438
1583 1595
1583 1638
1583 1682
1590 927
1590 1117
1590 1126
1590 1175
1590 1265
1590 1291
1590 1369
1590 1434
1590 1513
1590 1735
1590 1768
1590 1793
1590 1835
1590 1888
1595 898
1595 1345
1595 1583
1595 1875
1604 960
1604 1078
1604 1117
1604 1124
1604 1126
1604 1456
1604 1542
1604 1559
1604 1665
1604 1730
1604 1768
1604 1793
1604 1835
1604 1868
1604 1888
1604 1897
1606 936
1629 1333
1638 1345
1638 1583
1642 1674
1642 2822
1642 2941
1665 960
1665 1078
1665 1117
1665 1124
1665 1126
1665 1184
1665 1219
1665 1456
1665 1542
1665 1547
1665 1559
1665 1604
1665 1730
1665 1746
1665 1793
1665 1868
1665 1888
1674 1505
1674 1642
1677 936
1677 1080
1677 1114
1682 1322
1682 1583
1726 1369
1730 927
1730 952
1730 1047
1730 1078
1730 1117
1730 1126
1730 1175
1730 1184
1730 1219
1730 1291
1730 1491
1730 1513
1730 1524
1730 1547
1730 1559
1730 1604
1730 1665
1730 1746
1730 1768
1730 1793
1730 1835
1730 1868
1730 1888
1735 952
1735 1076
1735 1078
1735 1124
1735 1126
1735 1184
1735 1491
1735 1559
1735 1590
1735 1746
1735 1768
1735 1835
1735 1888
1746 952
1746 1076
1746 1078
1746 1114
1746 1117
1746 1126
1746 1184
1746 1291
1746 1456
1746 1491
1746 1524
1746 1547
1746 1559
1746 1665
1746 1730
1746 1735
1746 1768
1746 1793
1746 1835
1746 1868
1746 1888
1768 927
1768 1047
1768 1076
1768 1078
1768 1117
1768 1124
1768 1126
1768 1175
1768 1219
1768 1265
1768 1291
1768 1456
1768 1559
1768 1590
1768 1604
1768 1730
1768 1735
1768 1746
1768 1793
1768 1835
1768 1868
1768 1888
1776 912
1793 952
1793 960
1793 1078
1793 1117
1793 1124
1793 1126
1793 1184
1793 1219
1793 1291
1793 1456
1793 1491
1793 1542
1793 1547
1793 1559
1793 1590
1793 1604
1793 1665
1793 1730
1793 1746
1793 1768
1793 1835
1793 1868
1793 1888
1835 927
1835 1047
1835 1076
1835 1078
1835 1117
1835 1124
1835 1126
1835 1175
1835 1184
1835 1291
1835 1369
1835 1513
1835 1559
1835 1590
1835 1604
1835 1730
1835 1735
1835 1746
1835 1768
1835 1793
1835 1888
1866 1136
1868 1078
1868 1117
1868 1126
1868 1456
1868 1542
1868 1547
1868 1559
1868 1604
1868 1665
1868 1730
1868 1746
1868 1768
1868 1793
1868 1888
1875 898
1875 1345
1875 1595
1888 927
1888 952
1888 960
1888 1076
1888 1078
1888 1117
1888 1124
1888 1126
1888 1175
1888 1184
1888 1219
1888 1291
1888 1456
1888 1491
1888 1524
1888 1542
1888 1547
1888 1559
1888 1590
1888 1604
1888 1665
1888 1730
1888 1735
1888 1746
1888 1768
1888 1793
1888 1835
1888 1868
1897 1070
1897 1604
1945 1994
1945 2032
1945 2149
1945 2280
1945 2283
1945 2328
1945 2338
1945 2347
1945 2384
1945 2398
1945 2417
1945 2465
1945 2511
1991 1995
1991 2061
1991 2459
1991 2494
1995 1991
1995 2061
1995 2417
1995 2459
1995 2494
2032 1945
2032 2096
2032 2149
2032 2280
2032 2283
2032 2328
2032 2338
2032 2347
2032 2384
2032 2398
2032 2417
2032 2465
2032 2511
2032 2599
2283 1945
2283 1994
2283 2032
2283 2149
2283 2198
2283 2280
2283 2328
2283 2338
2283 2347
2283 2384
2283 2398
2283 2438
2283 2465
2283 2511
2384 1945
2384 1994
2384 2032
2384 2057
2384 2110
2384 2149
2384 2198
2384 2280
2384 2283
2384 2328
2384 2338
2384 2347
2384 2398
2384 2417
2384 2438
2384 2465
2384 2511
2398 1945
2398 2032
2398 2149
2398 2283
2398 2328
2398 2338
2398 2347
2398 2384
2398 2490
2398 2511
2417 1945
2417 1994
2417 1995
2417 2032
2417 2384
2417 2459
2459 1991
2459 1995
2459 2417
2494 1991
2494 1995
2511 1945
2511 2032
2511 2057
2511 2110
2511 2198
2511 2280
2511 2283
2511 2328
2511 2338
2511 2347
2511 2384
2511 2398
2511 2438
355 452
378 452
378 456
378 461
378 506
446 490
446 491
452 355
452 378
452 506
456 378
456 479
456 506
456 511
456 523
456 567
461 378
461 506
461 523
461 567
479 456
479 511
490 446
490 491
490 523
491 446
491 490
506 378
506 452
506 456
506 461
506 523
511 456
511 479
523 456
523 461
523 490
523 506
567 456
567 461
635 650
650 635
650 665
655 657
657 655
657 682
665 650
682 657
695 734
695 754
695 805
695 810
695 830
705 715
705 720
705 722
705 754
705 805
705 809
705 810
705 828
705 830
715 705
715 805
720 705
720 809
722 705
734 695
734 756
734 805
754 695
754 705
754 779
754 805
754 828
754 830
754 838
756 734
756 805
779 754
779 828
779 838
805 695
805 705
805 715
805 734
805 754
805 756
805 810
805 828
805 830
805 838
809 705
809 720
810 695
810 705
810 805
810 828
828 705
828 754
828 779
828 805
828 810
828 830
828 838
830 695
830 705
830 754
830 805
830 828
830 838
838 754
838 779
838 805
838 828
838 830
3495 3461
3495 3609
3495 3621
3495 3633
3495 3651
3495 3684
3495 3734
3495 3872
3495 3948
3621 3495
3621 3684
3609 3495
3609 3633
3609 3779
3609 3948
3633 3495
3633 3609
3633 3651
3633 3656
3633 3684
3633 3734
3633 3948
3684 3495
3684 3556
3684 3621
3684 3633
3684 3656
3684 3734
3684 3817
3684 3872
3684 3948
3779 3609
3779 3772
3779 3872
3779 3941
3872 3495
3872 3684
3872 3779
3948 3495
3948 3609
3948 3633
3948 3651
3948 3656
3948 3683
3948 3684
3948 3734
2822 1642
2822 2941
2941 1642
2941 2822
3136 2702
3136 2914
3136 2942
3136 3189
3556 3684
3556 3817
3651 3477
3651 3495
3651 3633
3651 3683
3651 3734
3651 3948
3304 2919
3304 2924
3304 2942
3406 2828
3406 2951
3406 2973
3406 3046
3406 3189
3406 3347
3410 2951
2149 1945
2149 2032
2149 2057
2149 2198
2149 2283
2149 2328
2149 2338
2149 2347
2149 2384
2149 2398
2198 2149
2198 2283
2198 2328
2198 2384
2198 2511
2328 1945
2328 2029
2328 2032
2328 2096
2328 2110
2328 2149
2328 2198
2328 2280
2328 2283
2328 2338
2328 2384
2328 2398
2328 2438
2328 2511
2338 1945
2338 1994
2338 2032
2338 2149
2338 2283
2338 2328
2338 2347
2338 2384
2338 2398
2338 2465
2338 2511
2347 1917
2347 1945
2347 1984
2347 1993
2347 1994
2347 2032
2347 2124
2347 2149
2347 2154
2347 2172
2347 2179
2347 2253
2347 2283
2347 2338
2347 2384
2347 2398
2347 2414
2347 2511
2347 2611
2347 2630
2347 2631
3079 1505
3079 2733
3079 2992
3079 3332
3205 1505
3205 2727
3205 3242
1994 1945
1994 2283
1994 2338
1994 2347
1994 2384
1994 2417
2465 1945
2465 2032
2465 2283
2465 2338
2465 2384
2465 2599
2702 3136
2702 3189
2706 2864
2706 2880
2706 3023
2727 3205
2733 3079
2733 3298
2735 2914
2735 2951
2736 2771
2771 2736
2773 2977
2773 3014
2773 3119
2774 3127
2809 3080
2809 3394
2821 3114
2821 3119
2828 2973
2828 2992
2828 3102
2828 3116
2828 3169
2828 3277
2828 3298
2828 3332
2828 3347
2828 3406
2864 2706
2864 2880
2864 2919
2864 3119
2880 2706
2880 2864
2880 2919
2880 3023
2881 3015
2914 2735
2914 2951
2914 3136
2919 2864
2919 2880
2919 2997
2919 3014
2919 3304
2923 3046
2924 3304
2942 3136
2942 3304
2951 2735
2951 2914
2951 2984
2951 3159
2951 3406
2951 3410
2973 2828
2973 2992
2973 3046
2973 3116
2973 3169
2973 3332
2973 3347
2973 3406
2977 2773
2977 3014
2977 3119
2977 3257
2984 2951
2984 2992
2992 2828
2992 2973
2992 2984
2992 3079
2992 3102
2992 3169
2992 3277
2992 3297
2992 3298
2992 3347
2997 2919
2997 3063
3014 2773
3014 2919
3014 2977
3015 2881
3015 3373
3023 2706
3023 2880
3044 3119
3046 2923
3046 2973
3046 3406
3063 2997
3066 3126
3066 3128
3080 2809
3080 3394
3102 2828
3102 2992
3102 3116
3102 3169
3102 3277
3102 3297
3102 3347
3114 2821
3114 3119
3114 3394
3116 2828
3116 2973
3116 3102
3116 3169
3116 3297
3116 3298
3116 3332
3116 3347
3119 2773
3119 2821
3119 2864
3119 2977
3119 3044
3119 3114
3119 3257
3126 3066
3126 3128
3127 2774
3128 3066
3128 3126
3159 2951
3169 2828
3169 2973
3169 2992
3169 3102
3169 3116
3169 3277
3169 3297
3189 2702
3189 3136
3189 3406
3242 3205
3257 2977
3257 3119
3277 2828
3277 2992
3277 3102
3277 3169
3277 3297
3297 2992
3297 3102
3297 3116
3297 3169
3297 3277
3298 2733
3298 2828
3298 2992
3298 3116
3298 3332
3332 2828
3332 2973
3332 3079
3332 3116
3332 3298
3332 3347
3347 2828
3347 2973
3347 2992
3347 3102
3347 3116
3347 3332
3347 3406
3373 3015
3376 3425
3394 2809
3394 3080
3394 3114
3425 3376
1917 1984
1917 1993
1917 2124
1917 2154
1917 2172
1917 2179
1917 2253
1917 2307
1917 2347
1917 2414
1917 2520
1917 2611
1917 2630
1917 2631
1917 2654
1942 1984
1942 2303
1942 2476
1942 2611
1942 2631
1984 1917
1984 1942
1984 1993
1984 2060
1984 2124
1984 2172
1984 2213
1984 2253
1984 2307
1984 2347
1984 2414
1984 2520
1984 2611
1984 2630
1984 2631
1984 2654
1993 1917
1993 1984
1993 2060
1993 2124
1993 2154
1993 2172
1993 2179
1993 2213
1993 2253
1993 2307
1993 2347
1993 2414
1993 2520
1993 2611
1993 2630
1993 2631
1993 2654
2029 2328
2029 2362
2029 2438
2029 2452
2029 2637
2057 2149
2057 2305
2057 2384
2057 2511
2060 1984
2060 1993
2060 2154
2060 2307
2060 2520
2060 2611
2060 2630
2061 1991
2061 1995
2096 2032
2096 2328
2096 2438
2110 2328
2110 2384
2110 2438
2110 2511
2113 2439
2113 2558
2124 1917
2124 1984
2124 1993
2124 2154
2124 2172
2124 2179
2124 2213
2124 2253
2124 2307
2124 2347
2124 2414
2124 2520
2124 2611
2124 2630
2124 2631
2124 2654
2154 1917
2154 1993
2154 2060
2154 2124
2154 2172
2154 2179
2154 2213
2154 2253
2154 2307
2154 2347
2154 2414
2154 2611
2154 2630
2154 2654
2172 1917
2172 1984
2172 1993
2172 2124
2172 2154
2172 2179
2172 2307
2172 2347
2172 2414
2172 2520
2172 2611
2172 2630
2172 2631
2172 2654
2179 1917
2179 1993
2179 2124
2179 2154
2179 2172
2179 2307
2179 2347
2179 2414
2179 2611
2179 2654
2181 2562
2213 1984
2213 1993
2213 2124
2213 2154
2213 2611
2213 2630
2213 2654
2253 1917
2253 1984
2253 1993
2253 2124
2253 2154
2253 2307
2253 2347
2253 2414
2253 2520
2253 2630
2253 2631
2253 2654
2260 2397
2280 1945
2280 2032
2280 2283
2280 2328
2280 2384
2280 2438
2280 2511
2303 1942
2303 2476
2305 2057
2307 1917
2307 1984
2307 1993
2307 2060
2307 2124
2307 2154
2307 2172
2307 2179
2307 2253
2307 2414
2307 2520
2307 2630
2322 2366
2322 2397
2322 2562
2362 2029
2362 2637
2366 2322
2397 2260
2397 2322
2397 2562
2414 1917
2414 1984
2414 1993
2414 2124
2414 2154
2414 2172
2414 2179
2414 2253
2414 2307
2414 2347
2414 2476
2414 2520
2414 2611
2414 2630
2438 2029
2438 2096
2438 2110
2438 2280
2438 2283
2438 2328
2438 2384
2438 2511
2439 2113
2439 2528
2439 2558
2452 2029
2452 2637
2476 1942
2476 2303
2476 2414
2476 2611
2490 2398
2520 1917
2520 1984
2520 1993
2520 2060
2520 2124
2520 2172
2520 2253
2520 2307
2520 2414
2520 2611
2520 2630
2520 2631
2520 2654
2528 2439
2528 2558
2558 2113
2558 2439
2558 2528
2562 2181
2562 2322
2562 2397
2599 2032
2599 2465
2611 1917
2611 1942
2611 1984
2611 1993
2611 2060
2611 2124
2611 2154
2611 2172
2611 2179
2611 2213
2611 2347
2611 2414
2611 2476
2611 2520
2611 2630
2611 2631
2611 2654
2630 1917
2630 1984
2630 1993
2630 2060
2630 2124
2630 2154
2630 2172
2630 2213
2630 2253
2630 2307
2630 2347
2630 2414
2630 2520
2630 2611
2630 2631
2630 2654
2631 1917
2631 1942
2631 1984
2631 1993
2631 2124
2631 2172
2631 2253
2631 2347
2631 2520
2631 2611
2631 2630
2637 2029
2637 2362
2637 2452
2654 1917
2654 1984
2654 1993
2654 2124
2654 2154
2654 2172
2654 2179
2654 2213
2654 2253
2654 2520
2654 2611
2654 2630
3461 3495
3477 3651
3504 3530
3505 3508
3505 3598
3505 3850
3505 3936
3508 3505
3508 3598
3508 3728
3508 3850
3508 3933
3515 3855
3515 3958
3530 3504
3538 3819
3538 3868
3538 3871
3549 3905
3579 3701
3598 3505
3598 3508
3598 3850
3598 3936
3634 3761
3634 3937
3640 3734
3645 3941
3656 3633
3656 3683
3656 3684
3656 3734
3656 3948
3683 3651
3683 3656
3683 3948
3701 3579
3715 3815
3715 3907
3719 3924
3728 3508
3728 3815
3728 3907
3734 3495
3734 3633
3734 3640
3734 3651
3734 3656
3734 3684
3734 3948
3761 3634
3767 3958
3771 3855
3772 3779
3783 3933
3794 3833
3794 3855
3794 3924
3815 3715
3815 3728
3815 3907
3817 3556
3817 3684
3819 3538
3819 3868
3821 3834
3821 3933
3833 3794
3833 3896
3833 3924
3833 3976
3834 3821
3850 3505
3850 3508
3850 3598
3855 3515
3855 3771
3855 3794
3855 3976
3868 3538
3868 3819
3871 3538
3896 3833
3896 3924
3896 3976
3905 3549
3907 3715
3907 3728
3907 3815
3924 3719
3924 3794
3924 3833
3924 3896
3924 3976
3933 3508
3933 3783
3933 3821
3936 3505
3936 3598
3937 3634
3941 3645
3941 3779
3958 3515
3958 3767
3976 3833
3976 3855
3976 3896
3976 3924
4000 4021
4021 4000
