13 82
13 119
13 252
22 324
48 73
48 119
48 180
48 322
50 119
50 331
73 48
73 331
82 13
82 84
82 119
82 170
82 252
82 331
84 82
84 276
85 170
85 322
92 180
119 13
119 48
119 50
119 82
119 170
119 252
119 324
119 331
136 315
136 322
136 324
136 1955
136 2018
136 2224
136 2284
136 2289
136 2327
136 2337
136 2461
136 2598
136 2629
136 2635
149 226
170 82
170 85
170 119
170 252
170 315
170 322
180 48
180 92
226 149
252 13
252 82
252 119
252 170
252 315
252 322
252 324
259 264
264 259
276 84
276 322
315 136
315 170
315 252
315 322
315 324
322 48
322 85
322 136
322 170
322 252
322 276
322 315
324 22
324 119
324 136
324 252
324 315
324 331
331 50
331 73
331 82
331 119
331 324
348 350
348 382
348 386
348 387
348 391
348 408
348 410
348 420
348 439
348 468
348 469
348 489
348 496
348 497
348 498
348 500
348 503
348 504
348 505
348 508
348 510
348 514
348 522
348 526
348 528
348 530
348 538
348 559
348 565
348 572
420 348
420 439
420 514
420 596
526 348
526 408
526 497
526 503
526 538
526 559
526 1179
526 1191
526 1278
538 348
538 408
538 439
538 497
538 500
538 503
538 514
538 526
538 559
538 1179
538 1565
538 1767
538 1870
596 420
596 609
596 620
596 1032
596 1086
596 1576
905 1658
941 1032
941 1273
941 1596
941 1783
965 1052
965 1225
982 983
982 1370
982 1516
982 1821
983 982
983 1069
983 1086
983 1238
983 1341
983 1370
983 1849
1014 1032
1014 1261
1014 1273
1014 1382
1014 1783
1032 596
1032 941
1032 1014
1032 1086
1032 1261
1032 1273
1032 1382
1032 1591
1032 1783
1037 1052
1037 1109
1052 965
1052 1037
1052 1109
1052 1225
1052 1260
1052 1699
1052 1895
1069 983
1069 1238
1086 596
1086 983
1086 1032
1086 1238
1086 1273
1086 1370
1086 1463
1086 1483
1086 1516
1086 1517
1086 1565
1086 1652
1086 1753
1086 1761
1086 1849
1086 1867
1109 1037
1109 1052
1109 1709
1127 1709
1155 1179
1155 1767
1179 526
1179 538
1179 1155
1179 1767
1186 1363
1186 1895
1191 526
1191 1238
1191 1388
1191 1470
1191 1516
1191 1517
1225 965
1225 1052
1225 1260
1238 983
1238 1069
1238 1086
1238 1191
1238 1370
1238 1388
1238 1470
1238 1483
1238 1517
1238 1723
1238 1849
1238 1867
1260 1052
1260 1225
1260 1709
1261 1014
1261 1032
1261 1273
1261 1382
1261 1783
1273 941
1273 1014
1273 1032
1273 1086
1273 1261
1273 1382
1273 1783
1278 526
1278 1867
1321 1909
1341 983
1341 1370
1341 1516
1341 1761
1341 1821
1363 1186
1370 982
1370 983
1370 1086
1370 1238
1370 1341
1370 1388
1370 1483
1370 1516
1370 1517
1370 1723
1370 1821
1370 1849
1382 1014
1382 1032
1382 1261
1382 1273
1382 1783
1388 1191
1388 1238
1388 1370
1388 1470
1388 1483
1388 1849
1463 1086
1470 1191
1470 1238
1470 1388
1470 1483
1483 1086
1483 1238
1483 1370
1483 1388
1483 1470
1483 1498
1483 1517
1483 1723
1483 1849
1498 1483
1516 982
1516 1086
1516 1191
1516 1341
1516 1370
1516 1752
1516 1761
1516 1849
1516 1867
1517 1086
1517 1191
1517 1238
1517 1370
1517 1483
1565 538
1565 1086
1565 1767
1565 1870
1576 596
1576 1578
1576 1596
1576 1728
1578 1576
1578 1596
1591 1032
1591 1596
1591 1783
1596 941
1596 1576
1596 1578
1596 1591
1596 1783
1652 1086
1652 1867
1658 905
1697 1909
1699 1052
1709 1109
1709 1127
1709 1260
1723 1238
1723 1370
1723 1483
1728 1576
1752 1516
1752 1867
1753 1086
1753 1761
1761 1086
1761 1341
1761 1516
1761 1753
1761 1867
1767 538
1767 1155
1767 1179
1767 1565
1783 941
1783 1014
1783 1032
1783 1261
1783 1273
1783 1382
1783 1591
1783 1596
1821 982
1821 1341
1821 1370
1849 983
1849 1086
1849 1238
1849 1370
1849 1388
1849 1483
1849 1516
1867 1086
1867 1238
1867 1278
1867 1516
1867 1652
1867 1752
1867 1761
1870 538
1870 1565
1895 1052
1895 1186
1909 1321
1909 1697
1955 136
1955 1920
1955 2053
1955 2169
1955 2224
1955 2239
1955 2289
1955 2327
1955 2330
1955 2461
1955 2468
1955 2509
1955 2598
1955 2629
2018 136
2018 1957
2018 2159
2018 2284
2018 2337
2224 136
2224 1920
2224 1955
2224 2053
2224 2169
2224 2289
2224 2327
2224 2330
2224 2344
2224 2461
2224 2509
2224 2512
2224 2582
2224 2598
2224 2605
2224 2629
2224 2635
2284 136
2284 1957
2284 2018
2284 2159
2284 2202
2289 136
2289 1955
2289 2053
2289 2141
2289 2169
2289 2224
2289 2310
2289 2318
2289 2327
2289 2330
2289 2368
2289 2372
2289 2440
2289 2448
2289 2461
2289 2509
2289 2512
2289 2557
2289 2582
2289 2597
2289 2598
2289 2629
2327 136
2327 1920
2327 1955
2327 2053
2327 2169
2327 2224
2327 2235
2327 2239
2327 2289
2327 2304
2327 2344
2327 2368
2327 2372
2327 2461
2327 2468
2327 2509
2327 2597
2327 2598
2327 2629
2337 136
2337 2018
2461 136
2461 1920
2461 1955
2461 2053
2461 2169
2461 2224
2461 2235
2461 2289
2461 2304
2461 2310
2461 2327
2461 2344
2461 2368
2461 2372
2461 2509
2461 2512
2461 2582
2461 2597
2461 2598
2461 2629
2598 136
2598 1920
2598 1955
2598 2053
2598 2169
2598 2224
2598 2235
2598 2289
2598 2304
2598 2327
2598 2330
2598 2344
2598 2368
2598 2372
2598 2461
2598 2509
2598 2512
2598 2582
2598 2597
2598 2609
2598 2629
2598 2635
2629 136
2629 1920
2629 1955
2629 2053
2629 2137
2629 2169
2629 2224
2629 2289
2629 2327
2629 2344
2629 2372
2629 2400
2629 2461
2629 2509
2629 2512
2629 2582
2629 2597
2629 2598
2629 2609
2635 136
2635 2224
2635 2598
350 348
350 497
350 504
350 528
382 348
382 410
382 500
386 348
387 348
387 408
387 503
387 514
387 559
391 348
391 497
391 500
391 503
391 514
391 559
408 348
408 387
408 439
408 500
408 503
408 514
408 526
408 538
408 559
410 348
410 382
410 500
439 348
439 408
439 420
439 500
439 514
439 538
468 348
469 348
469 497
469 505
489 348
496 348
496 497
496 508
496 514
496 565
497 348
497 350
497 391
497 469
497 496
497 500
497 503
497 510
497 526
497 538
497 559
497 565
498 348
500 348
500 382
500 391
500 408
500 410
500 439
500 497
500 503
500 514
500 538
500 565
503 348
503 387
503 391
503 408
503 497
503 500
503 514
503 526
503 538
503 559
504 348
504 350
504 510
504 514
504 522
504 528
505 348
505 469
508 348
508 496
510 348
510 497
510 504
510 528
514 348
514 387
514 391
514 408
514 420
514 439
514 496
514 500
514 503
514 504
514 538
514 559
522 348
522 504
528 348
528 350
528 504
528 510
530 348
559 348
559 387
559 391
559 408
559 497
559 503
559 514
559 526
559 538
565 348
565 496
565 497
565 500
572 348
620 596
620 609
620 617
609 596
609 617
609 620
609 626
617 609
617 620
617 626
617 685
626 609
626 617
647 670
670 647
685 617
729 753
729 878
732 839
735 819
742 759
742 829
753 729
753 819
753 890
759 742
759 766
760 766
760 794
760 829
766 759
766 760
792 819
794 760
794 795
795 794
795 829
819 735
819 753
819 792
829 742
829 760
829 795
839 732
890 753
862 3577
878 729
3577 862
3577 3525
3577 3842
3525 3540
3525 3563
3525 3577
3525 3842
3540 3471
3540 3525
3540 3563
3540 3842
3540 3971
2677 2764
2677 2999
2677 3302
3100 2719
3100 2778
3100 3162
3162 2829
3162 2965
3162 3100
3162 3191
3162 3302
3162 3415
3011 2764
3011 3258
1920 1955
1920 2053
1920 2137
1920 2224
1920 2235
1920 2327
1920 2372
1920 2461
1920 2468
1920 2509
1920 2512
1920 2582
1920 2597
1920 2598
1920 2609
1920 2629
2053 1920
2053 1955
2053 2224
2053 2235
2053 2239
2053 2289
2053 2327
2053 2344
2053 2372
2053 2461
2053 2509
2053 2597
2053 2598
2053 2609
2053 2629
2169 1955
2169 2224
2169 2249
2169 2289
2169 2304
2169 2327
2169 2344
2169 2368
2169 2372
2169 2461
2169 2509
2169 2512
2169 2582
2169 2598
2169 2629
2239 1955
2239 2053
2239 2327
2239 2372
2239 2509
2239 2512
2239 2597
2368 2169
2368 2289
2368 2304
2368 2327
2368 2461
2368 2509
2368 2582
2368 2597
2368 2598
2372 1920
2372 2053
2372 2169
2372 2239
2372 2249
2372 2289
2372 2327
2372 2461
2372 2509
2372 2582
2372 2597
2372 2598
2372 2629
2509 1920
2509 1955
2509 2053
2509 2169
2509 2224
2509 2235
2509 2239
2509 2274
2509 2289
2509 2304
2509 2327
2509 2344
2509 2368
2509 2372
2509 2461
2509 2512
2509 2582
2509 2597
2509 2598
2509 2629
2512 1920
2512 2142
2512 2169
2512 2224
2512 2239
2512 2289
2512 2304
2512 2344
2512 2461
2512 2509
2512 2582
2512 2598
2512 2629
2597 1920
2597 2053
2597 2137
2597 2239
2597 2289
2597 2327
2597 2330
2597 2368
2597 2372
2597 2461
2597 2468
2597 2509
2597 2598
2597 2609
2597 2629
2764 2677
2764 2999
2764 3011
2764 3302
3258 2719
3258 3011
3258 3191
2137 1920
2137 2078
2137 2468
2137 2597
2137 2629
2344 2053
2344 2169
2344 2224
2344 2235
2344 2274
2344 2304
2344 2327
2344 2461
2344 2468
2344 2509
2344 2512
2344 2582
2344 2598
2344 2629
2468 1920
2468 1955
2468 1966
2468 2056
2468 2078
2468 2095
2468 2137
2468 2142
2468 2164
2468 2326
2468 2327
2468 2344
2468 2460
2468 2467
2468 2489
2468 2500
2468 2521
2468 2563
2468 2578
2468 2597
2582 1920
2582 2169
2582 2224
2582 2289
2582 2344
2582 2368
2582 2372
2582 2461
2582 2509
2582 2512
2582 2598
2582 2629
2605 2224
2609 1920
2609 2053
2609 2597
2609 2598
2609 2629
2999 2677
2999 2764
2661 2719
2661 2778
2661 2989
2661 3021
2661 3035
2661 3070
2661 3198
2661 3302
2661 3316
2661 3397
2661 3416
2664 2676
2664 2745
2664 2910
2664 2920
2664 3078
2664 3104
2664 3108
2664 3149
2664 3348
2666 2676
2666 2917
2666 3047
2666 3078
2666 3108
2666 3149
2666 3348
2676 2664
2676 2666
2676 2745
2676 2917
2676 2920
2676 2943
2676 3047
2676 3078
2676 3108
2676 3149
2676 3348
2676 3390
2679 2910
2679 2920
2679 3078
2679 3104
2679 3108
2679 3135
2679 3158
2680 2917
2680 2943
2680 3078
2680 3149
2680 3348
2696 2751
2719 2661
2719 2778
2719 2936
2719 3035
2719 3100
2719 3225
2719 3258
2719 3397
2745 2664
2745 2676
2745 3078
2751 2696
2751 2868
2751 3035
2751 3198
2751 3302
2778 2661
2778 2719
2778 3035
2778 3100
2778 3199
2778 3225
2778 3397
2778 3416
2817 3055
2825 2844
2825 2868
2825 2989
2825 3198
2829 3162
2843 3198
2844 2825
2868 2751
2868 2825
2868 2936
2868 3099
2893 3374
2893 3432
2910 2664
2910 2679
2910 2920
2910 2943
2910 3078
2910 3108
2910 3348
2917 2666
2917 2676
2917 2680
2917 3108
2920 2664
2920 2676
2920 2679
2920 2910
2920 2943
2920 3078
2920 3108
2920 3348
2936 2719
2936 2868
2936 2965
2936 2989
2936 3035
2936 3198
2936 3302
2936 3397
2936 3403
2943 2676
2943 2680
2943 2910
2943 2920
2943 3078
2943 3108
2943 3135
2943 3348
2965 2936
2965 3162
2989 2661
2989 2825
2989 2936
2989 3070
2989 3198
2989 3397
3013 3397
3021 2661
3021 3035
3021 3070
3021 3302
3021 3316
3021 3397
3021 3416
3035 2661
3035 2719
3035 2751
3035 2778
3035 2936
3035 3021
3035 3070
3035 3198
3035 3316
3035 3397
3035 3416
3047 2666
3047 2676
3047 3078
3047 3149
3047 3348
3055 2817
3055 3147
3070 2661
3070 2989
3070 3021
3070 3035
3070 3198
3070 3302
3070 3316
3070 3397
3070 3416
3078 2664
3078 2666
3078 2676
3078 2679
3078 2680
3078 2745
3078 2910
3078 2920
3078 2943
3078 3047
3078 3104
3078 3108
3078 3149
3078 3348
3099 2868
3104 2664
3104 2679
3104 3078
3104 3294
3104 3390
3105 3200
3108 2664
3108 2666
3108 2676
3108 2679
3108 2910
3108 2917
3108 2920
3108 2943
3108 3078
3108 3149
3108 3348
3135 2679
3135 2943
3135 3158
3147 3055
3149 2664
3149 2666
3149 2676
3149 2680
3149 3047
3149 3078
3149 3108
3149 3348
3158 2679
3158 3135
3158 3348
3191 3162
3191 3258
3192 3198
3198 2661
3198 2751
3198 2825
3198 2843
3198 2936
3198 2989
3198 3035
3198 3070
3198 3192
3198 3199
3198 3397
3199 2778
3199 3198
3200 3105
3225 2719
3225 2778
3225 3403
3294 3104
3302 2661
3302 2677
3302 2751
3302 2764
3302 2936
3302 3021
3302 3070
3302 3162
3302 3403
3316 2661
3316 3021
3316 3035
3316 3070
3316 3397
3316 3416
3348 2664
3348 2666
3348 2676
3348 2680
3348 2910
3348 2920
3348 2943
3348 3047
3348 3078
3348 3108
3348 3149
3348 3158
3374 2893
3390 2676
3390 3104
3397 2661
3397 2719
3397 2778
3397 2936
3397 2989
3397 3013
3397 3021
3397 3035
3397 3070
3397 3198
3397 3316
3397 3416
3403 2936
3403 3225
3403 3302
3415 3162
3416 2661
3416 2778
3416 3021
3416 3035
3416 3070
3416 3316
3416 3397
3432 2893
2330 1955
2330 2224
2330 2289
2330 2350
2330 2597
2330 2598
1922 2129
1930 2129
1957 2018
1957 2159
1957 2202
1957 2284
1966 2043
1966 2078
1966 2083
1966 2095
1966 2142
1966 2164
1966 2210
1966 2299
1966 2326
1966 2387
1966 2467
1966 2468
1966 2500
1966 2521
1966 2563
1966 2578
1966 2590
1966 2607
2043 1966
2043 2077
2043 2078
2043 2095
2043 2122
2043 2142
2043 2164
2043 2299
2043 2326
2043 2460
2043 2467
2043 2489
2043 2500
2043 2563
2043 2578
2043 2590
2043 2607
2056 2078
2056 2095
2056 2142
2056 2287
2056 2299
2056 2311
2056 2326
2056 2350
2056 2387
2056 2468
2056 2578
2056 2607
2077 2043
2077 2078
2077 2095
2077 2122
2077 2142
2077 2299
2077 2460
2077 2500
2077 2521
2077 2578
2077 2590
2077 2607
2078 1966
2078 2043
2078 2056
2078 2077
2078 2083
2078 2095
2078 2122
2078 2137
2078 2142
2078 2164
2078 2210
2078 2299
2078 2326
2078 2460
2078 2467
2078 2468
2078 2489
2078 2500
2078 2521
2078 2563
2078 2578
2078 2590
2078 2607
2083 1966
2083 2078
2083 2095
2083 2122
2083 2142
2083 2164
2083 2299
2083 2467
2083 2500
2083 2590
2083 2607
2095 1966
2095 2043
2095 2056
2095 2077
2095 2078
2095 2083
2095 2142
2095 2210
2095 2299
2095 2311
2095 2326
2095 2467
2095 2468
2095 2500
2095 2563
2095 2578
2095 2590
2095 2607
2122 2043
2122 2077
2122 2078
2122 2083
2122 2142
2122 2299
2122 2326
2122 2460
2122 2489
2122 2500
2122 2521
2122 2578
2122 2590
2122 2607
2129 1922
2129 1930
2129 2342
2129 2357
2129 2373
2129 2440
2129 2448
2129 2540
2129 2628
2129 2656
2141 2289
2141 2318
2142 1966
2142 2043
2142 2056
2142 2077
2142 2078
2142 2083
2142 2095
2142 2122
2142 2164
2142 2287
2142 2299
2142 2311
2142 2326
2142 2387
2142 2460
2142 2467
2142 2468
2142 2500
2142 2512
2142 2521
2142 2578
2142 2590
2142 2607
2159 1957
2159 2018
2159 2202
2159 2284
2164 1966
2164 2043
2164 2078
2164 2083
2164 2142
2164 2468
2164 2563
2164 2590
2164 2607
2173 2357
2173 2540
2197 2440
2197 2540
2202 1957
2202 2159
2202 2284
2210 1966
2210 2078
2210 2095
2210 2326
2210 2578
2210 2590
2210 2607
2235 1920
2235 2053
2235 2274
2235 2304
2235 2327
2235 2344
2235 2461
2235 2509
2235 2598
2249 2169
2249 2372
2274 2235
2274 2344
2274 2509
2287 2056
2287 2142
2287 2311
2287 2326
2287 2500
2287 2590
2287 2607
2299 1966
2299 2043
2299 2056
2299 2077
2299 2078
2299 2083
2299 2095
2299 2122
2299 2142
2299 2326
2299 2467
2299 2500
2299 2563
2299 2578
2299 2590
2299 2607
2304 2169
2304 2235
2304 2310
2304 2327
2304 2344
2304 2368
2304 2461
2304 2509
2304 2512
2304 2598
2310 2289
2310 2304
2310 2318
2310 2461
2310 2540
2310 2557
2311 2056
2311 2095
2311 2142
2311 2287
2311 2326
2311 2460
2311 2489
2311 2500
2311 2521
2318 2141
2318 2289
2318 2310
2318 2557
2326 1966
2326 2043
2326 2056
2326 2078
2326 2095
2326 2122
2326 2142
2326 2210
2326 2287
2326 2299
2326 2311
2326 2460
2326 2467
2326 2468
2326 2489
2326 2500
2326 2521
2326 2563
2326 2578
2326 2590
2326 2607
2342 2129
2342 2448
2342 2540
2342 2628
2342 2632
2350 2056
2350 2330
2357 2129
2357 2173
2373 2129
2373 2656
2387 1966
2387 2056
2387 2142
2387 2460
2400 2629
2440 2129
2440 2197
2440 2289
2440 2448
2440 2628
2448 2129
2448 2289
2448 2342
2448 2440
2448 2540
2448 2628
2460 2043
2460 2077
2460 2078
2460 2122
2460 2142
2460 2311
2460 2326
2460 2387
2460 2467
2460 2468
2460 2500
2460 2521
2460 2578
2460 2590
2460 2607
2467 1966
2467 2043
2467 2078
2467 2083
2467 2095
2467 2142
2467 2299
2467 2326
2467 2460
2467 2468
2467 2521
2467 2590
2467 2607
2489 2043
2489 2078
2489 2122
2489 2311
2489 2326
2489 2468
2489 2521
2489 2563
2489 2607
2500 1966
2500 2043
2500 2077
2500 2078
2500 2083
2500 2095
2500 2122
2500 2142
2500 2287
2500 2299
2500 2311
2500 2326
2500 2460
2500 2468
2500 2521
2500 2563
2500 2578
2500 2590
2500 2607
2521 1966
2521 2077
2521 2078
2521 2122
2521 2142
2521 2311
2521 2326
2521 2460
2521 2467
2521 2468
2521 2489
2521 2500
2521 2563
2521 2578
2521 2590
2521 2607
2540 2129
2540 2173
2540 2197
2540 2310
2540 2342
2540 2448
2540 2557
2557 2289
2557 2310
2557 2318
2557 2540
2563 1966
2563 2043
2563 2078
2563 2095
2563 2164
2563 2299
2563 2326
2563 2468
2563 2489
2563 2500
2563 2521
2563 2590
2563 2607
2578 1966
2578 2043
2578 2056
2578 2077
2578 2078
2578 2095
2578 2122
2578 2142
2578 2210
2578 2299
2578 2326
2578 2460
2578 2468
2578 2500
2578 2521
2578 2590
2578 2607
2590 1966
2590 2043
2590 2077
2590 2078
2590 2083
2590 2095
2590 2122
2590 2142
2590 2164
2590 2210
2590 2287
2590 2299
2590 2326
2590 2460
2590 2467
2590 2500
2590 2521
2590 2563
2590 2578
2590 2607
2607 1966
2607 2043
2607 2056
2607 2077
2607 2078
2607 2083
2607 2095
2607 2122
2607 2142
2607 2164
2607 2210
2607 2287
2607 2299
2607 2326
2607 2460
2607 2467
2607 2489
2607 2500
2607 2521
2607 2563
2607 2578
2607 2590
2628 2129
2628 2342
2628 2440
2628 2448
2632 2342
2656 2129
2656 2373
3443 3464
3443 3469
3443 3582
3443 3593
3464 3443
3464 3469
3464 3668
3464 3726
3469 3443
3469 3464
3469 3668
3469 3726
3471 3526
3471 3540
3471 3838
3471 3971
3486 3506
3486 3593
3486 3705
3500 3766
3506 3486
3506 3558
3506 3593
3506 3648
3506 3690
3506 3758
3526 3471
3526 3559
3526 3563
3526 3698
3526 3831
3527 3838
3539 3690
3558 3506
3558 3593
3558 3648
3558 3758
3558 3947
3559 3526
3559 3681
3559 3831
3559 3838
3563 3525
3563 3526
3563 3540
3564 3690
3582 3443
3593 3443
3593 3486
3593 3506
3593 3558
3593 3648
3593 3758
3593 3818
3593 3947
3607 3698
3608 3705
3635 3838
3648 3506
3648 3558
3648 3593
3648 3758
3648 3816
3668 3464
3668 3469
3681 3559
3690 3506
3690 3539
3690 3564
3690 3758
3698 3526
3698 3607
3705 3486
3705 3608
3705 3818
3726 3464
3726 3469
3758 3506
3758 3558
3758 3593
3758 3648
3758 3690
3758 3818
3758 3947
3766 3500
3816 3648
3818 3593
3818 3705
3818 3758
3831 3526
3831 3559
3831 3842
3831 3971
3838 3471
3838 3527
3838 3559
3838 3635
3838 3860
3838 3971
3842 3525
3842 3540
3842 3577
3842 3831
3842 3971
3858 3860
3860 3838
3860 3858
3947 3558
3947 3593
3947 3758
3971 3471
3971 3540
3971 3831
3971 3838
3971 3842
