17 326
20 326
67 188
67 199
67 285
67 304
67 313
133 188
159 172
164 285
172 159
172 199
172 304
172 313
188 67
188 133
188 285
188 304
199 67
199 172
199 304
199 313
249 254
249 304
254 249
285 67
285 164
285 188
285 304
285 313
304 67
304 172
304 188
304 199
304 249
304 285
313 67
313 172
313 199
313 285
326 17
326 20
428 370
428 465
428 475
428 482
428 515
428 525
428 669
428 1237
428 1512
1684 1656
1684 1758
1684 2693
1684 2699
1684 2712
1684 2724
1684 2725
1684 2729
1684 2739
1684 2740
1684 2742
1684 2748
1684 2749
1684 2750
1684 2772
1684 2776
1684 2804
1684 2831
1684 2837
1684 2846
1684 2848
1684 2861
1684 2878
1684 2894
1684 2918
1684 2922
1684 2932
1684 2938
1684 2940
1684 2947
1684 2955
1684 2967
1684 2968
1684 2971
1684 2974
1684 2986
1684 2993
1684 3002
1684 3024
1684 3027
1684 3032
1684 3059
1684 3060
1684 3076
1684 3086
1684 3088
1684 3095
1684 3098
1684 3111
1684 3118
1684 3122
1684 3133
1684 3156
1684 3160
1684 3170
1684 3171
1684 3183
1684 3188
1684 3195
1684 3210
1684 3211
1684 3214
1684 3221
1684 3228
1684 3236
1684 3239
1684 3244
1684 3248
1684 3256
1684 3286
1684 3291
1684 3307
1684 3311
1684 3319
1684 3320
1684 3328
1684 3329
1684 3335
1684 3353
1684 3355
1684 3365
1684 3375
1684 3378
1684 3395
1684 3414
1684 3417
1684 3433
475 370
475 428
475 442
475 465
475 482
475 515
475 525
475 527
475 555
475 1237
921 934
921 1026
921 1323
921 1377
921 1608
921 1643
921 1734
921 1765
921 1826
921 1845
934 921
934 1026
934 1079
934 1377
934 1608
934 1643
934 1707
937 1106
937 1248
937 1725
966 978
966 1172
966 1289
966 1416
966 1556
966 1707
966 1789
966 1816
966 1826
978 966
978 1323
978 1377
978 1643
978 1707
978 1734
984 1066
984 1192
984 1661
1026 921
1026 934
1026 1172
1026 1377
1026 1734
1026 1765
1026 1775
1026 1845
1057 1607
1057 1664
1066 984
1066 1192
1066 1473
1066 1504
1066 1661
1066 1812
1079 934
1079 1377
1079 1416
1079 1523
1079 1608
1079 1643
1079 1707
1079 1734
1079 1816
1106 937
1106 1248
1106 1348
1106 1630
1106 1725
1112 1416
1112 1771
1112 1789
1113 1237
1113 1318
1113 1473
1113 1744
1113 1766
1113 1881
1161 1656
1167 1310
1167 1338
1167 1500
1167 1504
1167 1630
1172 966
1172 1026
1172 1289
1172 1707
1172 1816
1187 1567
1192 984
1192 1066
1192 1292
1192 1462
1192 1573
1192 1661
1192 1764
1192 1857
1237 428
1237 475
1237 1113
1237 1318
1237 1473
1237 1512
1237 1744
1237 1766
1248 937
1248 1106
1248 1725
1286 1462
1286 1887
1289 966
1289 1172
1289 1643
1289 1707
1292 1192
1292 1462
1292 1573
1292 1857
1292 1887
1308 1310
1308 1759
1310 1167
1310 1308
1310 1338
1310 1504
1310 1630
1314 1378
1314 1787
1318 1113
1318 1237
1318 1744
1318 1766
1318 1881
1323 921
1323 978
1323 1377
1323 1643
1338 1167
1338 1310
1338 1473
1338 1504
1338 1525
1338 1630
1338 1725
1348 1106
1348 1630
1356 1566
1356 1881
1356 1910
1377 921
1377 934
1377 978
1377 1026
1377 1079
1377 1323
1377 1416
1377 1608
1377 1643
1377 1707
1377 1765
1377 1782
1377 1816
1377 1861
1377 1881
1378 1314
1378 1787
1416 966
1416 1079
1416 1112
1416 1377
1416 1707
1416 1771
1416 1789
1444 1500
1444 1630
1462 1192
1462 1286
1462 1292
1462 1573
1462 1764
1462 1857
1465 2134
1465 2135
1465 2285
1465 2351
1465 2458
1465 2496
1465 2643
1473 1066
1473 1113
1473 1237
1473 1338
1473 1525
1473 1630
1473 1762
1500 1167
1500 1444
1500 1504
1500 1525
1500 1630
1503 1850
1504 1066
1504 1167
1504 1310
1504 1338
1504 1500
1504 1525
1504 1630
1504 1725
1512 428
1512 1237
1523 1079
1525 1338
1525 1473
1525 1500
1525 1504
1525 1630
1556 966
1556 1789
1566 1356
1566 1910
1567 1187
1571 1707
1573 1192
1573 1292
1573 1462
1573 1661
1573 1857
1607 1057
1607 1664
1608 921
1608 934
1608 1079
1608 1377
1608 1643
1608 1707
1608 1861
1630 1106
1630 1167
1630 1310
1630 1338
1630 1348
1630 1444
1630 1473
1630 1500
1630 1504
1630 1525
1643 921
1643 934
1643 978
1643 1079
1643 1289
1643 1323
1643 1377
1643 1608
1643 1707
1643 1765
1643 1789
1656 1161
1656 1684
1661 984
1661 1066
1661 1192
1661 1573
1661 1751
1661 1812
1664 1057
1664 1607
1707 934
1707 966
1707 978
1707 1079
1707 1172
1707 1289
1707 1377
1707 1416
1707 1571
1707 1608
1707 1643
1707 1789
1707 1816
1707 1826
1707 1845
1725 937
1725 1106
1725 1248
1725 1338
1725 1504
1725 1850
1734 921
1734 978
1734 1026
1734 1079
1734 1775
1734 1845
1734 1861
1744 1113
1744 1237
1744 1318
1744 1766
1751 1661
1751 1812
1758 1684
1758 1787
1759 1308
1762 1473
1764 1192
1764 1462
1765 921
1765 1026
1765 1377
1765 1643
1765 1782
1766 1113
1766 1237
1766 1318
1766 1744
1766 1881
1769 1845
1771 1112
1771 1416
1775 1026
1775 1734
1775 1845
1782 1377
1782 1765
1782 1826
1787 1314
1787 1378
1787 1758
1789 966
1789 1112
1789 1416
1789 1556
1789 1643
1789 1707
1789 1861
1812 1066
1812 1661
1812 1751
1816 966
1816 1079
1816 1172
1816 1377
1816 1707
1816 1826
1826 921
1826 966
1826 1707
1826 1782
1826 1816
1845 921
1845 1026
1845 1707
1845 1734
1845 1769
1845 1775
1850 1503
1850 1725
1850 1857
1857 1192
1857 1292
1857 1462
1857 1573
1857 1850
1861 1377
1861 1608
1861 1734
1861 1789
1881 1113
1881 1318
1881 1356
1881 1377
1881 1766
1881 1910
1887 1286
1887 1292
1910 1356
1910 1566
1910 1881
2027 1958
2027 1999
2027 2640
2027 2657
2135 1465
2135 2351
2135 2463
2135 2496
2135 2643
2254 2134
2254 2176
2254 2285
2254 2343
2254 2445
2254 2458
2254 2463
2254 2589
2445 2254
2445 2259
2445 2458
2445 2463
2445 2589
2458 1465
2458 1947
2458 1952
2458 2254
2458 2343
2458 2445
2458 2589
2463 1947
2463 2134
2463 2135
2463 2176
2463 2254
2463 2343
2463 2351
2463 2445
2463 2589
2463 2643
2589 2254
2589 2445
2589 2458
2589 2463
2640 1958
2640 1999
2640 2027
2640 2097
2640 2192
2640 2648
2640 2657
2643 1465
2643 2134
2643 2135
2643 2351
2643 2463
2647 1958
2647 1999
2647 2097
2647 2648
2647 2657
2740 1684
368 371
368 398
368 409
368 525
368 527
370 428
370 465
370 475
370 515
370 525
370 527
370 555
370 646
370 669
371 368
398 368
398 409
398 525
398 527
409 368
409 398
409 515
409 525
426 525
442 475
465 370
465 428
465 475
465 515
465 525
465 669
482 428
482 475
482 515
482 525
486 554
515 370
515 409
515 428
515 465
515 475
515 482
515 525
515 527
515 555
515 654
525 368
525 370
525 398
525 409
525 426
525 428
525 465
525 475
525 482
525 515
525 527
527 368
527 370
527 398
527 475
527 515
527 525
554 486
555 370
555 475
555 515
669 370
669 428
669 465
646 370
646 634
634 646
574 631
573 589
573 592
573 619
573 654
589 573
589 592
589 654
592 573
592 589
592 619
592 654
600 627
600 632
600 643
600 658
619 573
619 592
619 654
627 600
627 632
627 643
627 658
631 574
632 600
632 627
632 643
632 658
643 600
643 627
643 632
643 658
654 515
654 573
654 589
654 592
654 619
658 600
658 627
658 632
658 643
3487 3961
3961 3487
3980 3997
3980 3998
3980 4002
3980 4003
3980 4007
3980 4025
3980 4032
688 694
688 697
688 726
688 740
688 747
688 845
694 688
694 697
694 710
694 711
694 726
694 798
694 812
694 842
694 845
697 688
697 694
697 709
697 726
697 747
697 769
697 835
697 842
709 697
709 835
710 694
710 711
711 694
711 710
711 842
726 688
726 694
726 697
726 812
726 845
740 688
741 747
741 835
747 688
747 697
747 741
747 769
769 697
769 747
769 798
769 869
798 694
798 769
812 694
812 726
835 697
835 709
835 741
842 694
842 697
842 711
845 688
845 694
845 726
857 3456
869 769
3456 857
3456 3448
3456 3596
3456 3697
2968 1684
3248 1684
3248 3214
3248 3221
3248 3395
3328 1684
3328 2772
3328 3024
3328 3060
2724 1684
2724 2739
2724 2947
2724 3002
2724 3086
2724 3118
2724 3133
2724 3210
2724 3221
2971 1684
2134 1465
2134 2254
2134 2285
2134 2351
2134 2463
2134 2496
2134 2643
2285 1465
2285 2134
2285 2254
2285 2351
2351 1465
2351 2134
2351 2135
2351 2176
2351 2285
2351 2343
2351 2463
2351 2643
2496 1465
2496 2134
2496 2135
2725 1684
2693 1684
2693 3156
2693 3319
1947 2003
1947 2221
1947 2415
1947 2458
1947 2463
2176 1965
2176 2145
2176 2254
2176 2343
2176 2351
2176 2463
2176 2480
2176 2522
2343 2176
2343 2254
2343 2351
2343 2458
2343 2463
2938 1684
2938 2932
2938 2955
2938 3118
3319 1684
3319 2693
3319 2742
3319 2772
3355 1684
3355 2742
3355 2748
3355 3160
3355 3239
3355 3291
3355 3320
3355 3353
3111 1684
3111 2894
3111 2932
3111 3060
3111 3076
3111 3118
3111 3320
3111 3353
3111 3378
3111 3395
2699 1684
2699 3311
2712 1684
2712 2742
2712 2748
2712 3188
2712 3291
2712 3335
2729 1684
2729 2993
2729 3417
2729 3433
2739 1684
2739 2724
2739 3002
2739 3118
2742 1684
2742 2712
2742 2748
2742 2846
2742 2894
2742 3027
2742 3060
2742 3076
2742 3160
2742 3188
2742 3239
2742 3291
2742 3319
2742 3320
2742 3335
2742 3355
2742 3378
2748 1684
2748 2712
2748 2742
2748 2772
2748 2846
2748 3060
2748 3076
2748 3160
2748 3188
2748 3291
2748 3320
2748 3335
2748 3355
2748 3378
2749 1684
2749 2750
2749 2940
2749 2974
2749 2986
2749 3417
2750 1684
2750 2749
2750 2940
2750 2974
2750 2986
2750 3098
2772 1684
2772 2748
2772 2831
2772 3027
2772 3214
2772 3221
2772 3256
2772 3319
2772 3328
2776 1684
2776 2861
2804 1684
2831 1684
2831 2772
2831 3214
2831 3256
2831 3365
2837 1684
2846 1684
2846 2742
2846 2748
2846 3188
2846 3320
2848 1684
2848 3133
2848 3214
2861 1684
2861 2776
2861 3122
2878 1684
2878 3214
2894 1684
2894 2742
2894 3060
2894 3076
2894 3111
2894 3320
2918 1684
2918 2932
2918 2955
2918 3032
2918 3236
2918 3256
2922 1684
2932 1684
2932 2918
2932 2938
2932 2955
2932 3111
2932 3236
2932 3256
2932 3395
2940 1684
2940 2749
2940 2750
2940 2974
2940 2986
2940 3195
2940 3417
2940 3433
2947 1684
2947 2724
2955 1684
2955 2918
2955 2932
2955 2938
2955 3032
2955 3221
2955 3236
2955 3256
2955 3395
2967 1684
2974 1684
2974 2749
2974 2750
2974 2940
2974 2986
2974 3417
2974 3433
2986 1684
2986 2749
2986 2750
2986 2940
2986 2974
2986 3098
2986 3195
2986 3228
2986 3417
2986 3433
2993 1684
2993 2729
2993 3195
2993 3417
3002 1684
3002 2724
3002 2739
3002 3027
3002 3076
3002 3086
3002 3118
3002 3214
3002 3221
3002 3291
3002 3329
3002 3353
3002 3395
3024 1684
3024 3133
3024 3160
3024 3328
3027 1684
3027 2742
3027 2772
3027 3002
3027 3214
3027 3291
3027 3353
3027 3395
3032 1684
3032 2918
3032 2955
3032 3236
3032 3256
3032 3365
3059 1684
3060 1684
3060 2742
3060 2748
3060 2894
3060 3076
3060 3111
3060 3291
3060 3320
3060 3328
3060 3378
3076 1684
3076 2742
3076 2748
3076 2894
3076 3002
3076 3060
3076 3111
3076 3291
3076 3320
3076 3353
3076 3378
3086 1684
3086 2724
3086 3002
3088 1684
3088 3291
3095 1684
3098 1684
3098 2750
3098 2986
3098 3195
3118 1684
3118 2724
3118 2739
3118 2938
3118 3002
3118 3111
3118 3160
3118 3320
3118 3353
3122 1684
3122 2861
3133 1684
3133 2724
3133 2848
3133 3024
3156 1684
3156 2693
3156 3256
3156 3365
3160 1684
3160 2742
3160 2748
3160 3024
3160 3118
3160 3355
3170 1684
3170 3211
3170 3291
3170 3320
3170 3378
3171 1684
3171 3214
3183 1684
3188 1684
3188 2712
3188 2742
3188 2748
3188 2846
3188 3320
3195 1684
3195 2940
3195 2986
3195 2993
3195 3098
3210 1684
3210 2724
3211 1684
3211 3170
3211 3329
3214 1684
3214 2772
3214 2831
3214 2848
3214 2878
3214 3002
3214 3027
3214 3171
3214 3221
3214 3248
3214 3365
3221 1684
3221 2724
3221 2772
3221 2955
3221 3002
3221 3214
3221 3248
3228 1684
3228 2986
3236 1684
3236 2918
3236 2932
3236 2955
3236 3032
3236 3256
3239 1684
3239 2742
3239 3291
3239 3320
3239 3355
3244 1684
3256 1684
3256 2772
3256 2831
3256 2918
3256 2932
3256 2955
3256 3032
3256 3156
3256 3236
3256 3365
3286 1684
3286 3414
3286 3417
3291 1684
3291 2712
3291 2742
3291 2748
3291 3002
3291 3027
3291 3060
3291 3076
3291 3088
3291 3170
3291 3239
3291 3320
3291 3335
3291 3353
3291 3355
3291 3378
3307 1684
3311 1684
3311 2699
3320 1684
3320 2742
3320 2748
3320 2846
3320 2894
3320 3060
3320 3076
3320 3111
3320 3118
3320 3170
3320 3188
3320 3239
3320 3291
3320 3353
3320 3355
3320 3378
3329 1684
3329 3002
3329 3211
3335 1684
3335 2712
3335 2742
3335 2748
3335 3291
3353 1684
3353 3002
3353 3027
3353 3076
3353 3111
3353 3118
3353 3291
3353 3320
3353 3355
3365 1684
3365 2831
3365 3032
3365 3156
3365 3214
3365 3256
3365 3395
3375 1684
3378 1684
3378 2742
3378 2748
3378 3060
3378 3076
3378 3111
3378 3170
3378 3291
3378 3320
3395 1684
3395 2932
3395 2955
3395 3002
3395 3027
3395 3111
3395 3248
3395 3365
3414 1684
3414 3286
3417 1684
3417 2729
3417 2749
3417 2940
3417 2974
3417 2986
3417 2993
3417 3286
3417 3433
3433 1684
3433 2729
3433 2940
3433 2974
3433 2986
3433 3417
2003 1947
2003 1952
2003 2221
2003 2415
1929 2104
1929 2190
1929 2200
1929 2220
1929 2258
1929 2278
1929 2308
1929 2339
1929 2430
1929 2446
1929 2507
1929 2602
1929 2619
1952 2003
1952 2221
1952 2458
1958 2027
1958 2097
1958 2640
1958 2647
1960 2023
1960 2035
1960 2091
1960 2146
1960 2236
1960 2286
1960 2488
1965 2176
1965 2286
1978 1990
1978 2286
1978 2403
1990 1978
1990 2286
1999 2027
1999 2640
1999 2647
2023 1960
2023 2035
2023 2091
2023 2236
2023 2488
2035 1960
2035 2023
2035 2082
2035 2091
2035 2107
2035 2236
2035 2488
2076 2170
2076 2426
2082 2035
2082 2488
2091 1960
2091 2023
2091 2035
2091 2146
2091 2236
2091 2488
2097 1958
2097 2192
2097 2640
2097 2647
2097 2648
2097 2657
2104 1929
2104 2136
2104 2190
2104 2200
2104 2220
2104 2278
2104 2308
2104 2339
2104 2430
2104 2446
2104 2469
2104 2506
2104 2507
2104 2602
2107 2035
2107 2145
2107 2146
2107 2236
2107 2403
2107 2488
2136 2104
2136 2200
2136 2220
2136 2308
2136 2446
2136 2507
2136 2532
2145 2107
2145 2146
2145 2176
2145 2236
2146 1960
2146 2091
2146 2107
2146 2145
2146 2488
2170 2076
2170 2426
2190 1929
2190 2104
2190 2220
2190 2278
2190 2308
2190 2339
2190 2430
2190 2446
2190 2469
2190 2506
2190 2507
2190 2532
2192 2097
2192 2640
2192 2648
2192 2657
2200 1929
2200 2104
2200 2136
2200 2220
2200 2278
2200 2308
2200 2339
2200 2430
2200 2446
2200 2469
2200 2506
2200 2507
2200 2602
2200 2619
2220 1929
2220 2104
2220 2136
2220 2190
2220 2200
2220 2278
2220 2308
2220 2339
2220 2430
2220 2446
2220 2469
2220 2507
2220 2532
2220 2602
2220 2613
2220 2619
2221 1947
2221 1952
2221 2003
2221 2415
2236 1960
2236 2023
2236 2035
2236 2091
2236 2107
2236 2145
2236 2488
2258 1929
2258 2507
2259 2445
2262 2506
2278 1929
2278 2104
2278 2190
2278 2200
2278 2220
2278 2308
2278 2339
2278 2446
2278 2506
2278 2507
2278 2532
2278 2602
2278 2619
2286 1960
2286 1965
2286 1978
2286 1990
2286 2403
2286 2488
2308 1929
2308 2104
2308 2136
2308 2190
2308 2200
2308 2220
2308 2278
2308 2339
2308 2430
2308 2446
2308 2469
2308 2507
2308 2532
2308 2602
2339 1929
2339 2104
2339 2190
2339 2200
2339 2220
2339 2278
2339 2308
2339 2430
2339 2446
2339 2469
2339 2506
2339 2507
2339 2532
2339 2602
2403 1978
2403 2107
2403 2286
2415 1947
2415 2003
2415 2221
2426 2076
2426 2170
2430 1929
2430 2104
2430 2190
2430 2200
2430 2220
2430 2308
2430 2339
2430 2446
2430 2469
2430 2507
2430 2602
2446 1929
2446 2104
2446 2136
2446 2190
2446 2200
2446 2220
2446 2278
2446 2308
2446 2339
2446 2430
2446 2507
2446 2602
2446 2619
2469 2104
2469 2190
2469 2200
2469 2220
2469 2308
2469 2339
2469 2430
2469 2507
2469 2602
2469 2619
2480 2176
2488 1960
2488 2023
2488 2035
2488 2082
2488 2091
2488 2107
2488 2146
2488 2236
2488 2286
2506 2104
2506 2190
2506 2200
2506 2262
2506 2278
2506 2339
2506 2507
2506 2602
2506 2619
2507 1929
2507 2104
2507 2136
2507 2190
2507 2200
2507 2220
2507 2258
2507 2278
2507 2308
2507 2339
2507 2430
2507 2446
2507 2469
2507 2506
2507 2532
2507 2602
2507 2619
2522 2176
2532 2136
2532 2190
2532 2220
2532 2278
2532 2308
2532 2339
2532 2507
2532 2602
2602 1929
2602 2104
2602 2200
2602 2220
2602 2278
2602 2308
2602 2339
2602 2430
2602 2446
2602 2469
2602 2506
2602 2507
2602 2532
2602 2613
2602 2619
2613 2220
2613 2602
2619 1929
2619 2200
2619 2220
2619 2278
2619 2446
2619 2469
2619 2506
2619 2507
2619 2602
2648 2097
2648 2192
2648 2640
2648 2647
2648 2657
2657 2027
2657 2097
2657 2192
2657 2640
2657 2647
2657 2648
3439 3932
3448 3456
3448 3596
3448 3611
3448 3697
3468 3534
3468 3878
3474 3630
3474 3829
3507 3511
3511 3507
3511 3706
3534 3468
3534 3829
3542 3596
3542 3611
3542 3730
3542 3790
3567 3725
3567 3743
3578 3596
3578 3611
3578 3730
3578 3790
3596 3448
3596 3456
3596 3542
3596 3578
3596 3611
3596 3730
3596 3790
3611 3448
3611 3542
3611 3578
3611 3596
3611 3790
3611 3891
3630 3474
3630 3829
3643 3903
3697 3448
3697 3456
3706 3511
3706 3869
3725 3567
3725 3743
3730 3542
3730 3578
3730 3596
3730 3790
3743 3567
3743 3725
3790 3542
3790 3578
3790 3596
3790 3611
3790 3730
3801 3885
3829 3474
3829 3534
3829 3630
3869 3706
3878 3468
3878 3903
3885 3801
3891 3611
3903 3643
3903 3878
3932 3439
3997 3980
3997 3998
3998 3980
3998 3997
3998 4002
4002 3980
4002 3998
4003 3980
4007 3980
4007 4025
4025 3980
4025 4007
4032 3980
